$SPEC_ID:
Beryllilum 1 Calibration
$SPEC_REM:
DET# 1
DETDESC# SPL3-VDG-PC Easy-MCA-8k SN 15013759
AP# Maestro Version 7.01
$DATE_MEA:
10/12/2021 15:02:52
$MEAS_TIM:
468 468
$DATA:
0 2047
       0
       0
    5742
   31540
   21586
   12366
   13528
    1387
     178
       0
       0
       0
       0
       0
       0
       0
       1
       0
       0
       0
       0
       0
       0
       0
       0
       0
       0
       0
       0
       0
       0
       0
       0
       0
       0
       0
       0
       0
       1
       0
       0
       1
       0
       0
       0
       0
       0
       0
       0
       0
       0
       0
       0
       0
       0
       0
       0
       0
       0
       0
       0
       0
       0
       0
       0
       0
       0
       0
       0
       0
       0
       2
       0
       0
       0
       0
       0
       0
       0
       0
       0
       0
       0
       0
       0
       0
       0
       0
       0
       0
       0
       0
       0
       0
       0
       0
       0
       0
       0
       0
       0
       0
       0
       0
       0
       0
       0
       0
       0
       0
       0
       0
       0
       0
       0
       0
       0
       0
       0
       0
       0
       0
       0
       0
       0
       0
       0
       0
       0
       0
       0
       0
       0
       0
       0
       0
       0
       0
       0
       0
       0
       0
       0
       0
       0
       0
       0
       0
       0
       0
       0
       0
       0
       1
       0
       0
       0
       0
       1
       0
       0
       0
       0
       0
       0
       0
       0
       0
       0
       0
       0
       0
       0
       0
       0
       0
       0
       0
       0
       0
       0
       0
       0
       0
       0
       0
       0
       0
       0
       0
       0
       0
       0
       0
       0
       0
       0
       0
       0
       0
       0
       0
       0
       0
       0
       0
       0
       0
       0
       0
       0
       0
       0
       0
       0
       0
       0
       0
       0
       0
       0
       0
       0
       1
       1
       1
       1
       2
       5
      12
       7
      15
      23
      38
      33
      49
      50
      42
      54
      55
      62
      46
      48
      49
      58
      57
      71
      45
      49
      49
      51
      44
      51
      61
      61
      37
      63
      60
      56
      44
      54
      49
      40
      37
      51
      49
      45
      70
      52
      46
      49
      58
      50
      49
      46
      37
      42
      46
      43
      40
      43
      38
      53
      50
      49
      63
      40
      44
      48
      45
      45
      61
      62
      44
      56
      42
      53
      49
      67
      50
      61
      54
      50
      59
      62
      65
      61
      50
      50
      47
      50
      50
      60
      50
      67
      45
      57
      38
      44
      40
      49
      55
      38
      43
      45
      31
      47
      36
      39
      36
      36
      44
      36
      48
      40
      38
      47
      41
      41
      29
      47
      40
      34
      35
      35
      34
      37
      39
      40
      34
      33
      39
      35
      31
      36
      26
      29
      24
      31
      34
      39
      24
      35
      40
      42
      31
      31
      28
      22
      30
      38
      25
      38
      35
      32
      38
      28
      30
      28
      25
      37
      38
      25
      24
      17
      23
      21
      29
      20
      23
      21
      26
      24
      19
      19
      29
      27
      30
      17
      26
      28
      20
      25
      28
      21
      19
      25
      19
      33
      31
      21
      19
      17
      22
      19
      25
      23
      19
      27
      19
      24
      28
      23
      30
      22
      18
      23
      20
      17
      26
      30
      36
      32
      24
      24
      26
      27
      23
      19
      18
      20
      17
      25
      23
      20
      17
      27
      19
      19
      17
      27
      20
      25
      22
      25
      25
      29
      15
      23
      18
      18
      17
      17
      21
      26
      18
      25
      17
      16
      20
      13
      21
       8
      16
      15
      19
      21
      15
      22
      19
      20
      18
      22
      17
      18
      21
      14
      20
      14
      12
      13
      14
      13
       6
      15
      11
      16
      14
      25
      19
      23
      25
      15
      14
      15
      15
      18
      19
      21
      21
      22
      17
      22
      20
      19
      14
      24
      22
      14
      15
      22
      19
      24
      20
      15
      13
      13
      23
      18
      16
      15
      22
      18
      13
      14
      16
      16
      19
      19
      19
      25
      19
      17
      22
      22
      22
      19
      21
      19
      26
      16
      16
      17
      23
      13
      22
      19
      17
      13
      16
      26
      20
      16
      21
      14
      20
      14
      27
      18
      12
      18
      20
      15
      12
      13
      24
      21
      13
      20
      11
      12
      19
      15
      17
      17
      14
      14
      15
      15
      19
      20
      12
      19
      14
      12
      10
      16
      17
      17
       8
      14
      24
      18
      16
      13
      17
      12
      12
      12
      13
      21
      13
      17
      18
      12
      16
      15
       8
       4
      14
      12
      14
      15
      16
      16
      19
      16
       7
       9
      11
      11
       9
       9
      10
      12
       9
      13
       7
      13
       8
      13
      14
      11
      20
      12
       9
      12
      11
      17
      14
      15
      15
      16
       7
      14
      13
       8
      16
      10
       4
      15
      10
      11
      10
      15
      15
      10
      11
      11
      14
      12
      13
      10
      18
      17
      13
       9
      15
      14
      21
      14
      16
      11
      11
       2
       5
      14
      12
      10
      11
      11
       9
       9
       8
       9
      12
      14
      12
      15
      14
      11
      14
      12
      12
       9
      14
      10
      14
       6
      13
       9
      10
       5
       9
      10
      13
       5
      12
      11
       9
       7
      11
       7
      15
      10
       9
      10
       8
       8
      12
      10
      10
       5
       7
      10
       5
      13
      11
       9
       5
      11
       7
      10
      10
      10
      12
      12
       9
      13
       5
      16
      10
       8
       9
       5
      14
      12
      11
      10
       6
       7
      11
       7
       7
      11
      13
      10
      12
       8
       7
       4
       7
       6
      10
      15
       8
       8
       5
       9
       6
       7
       4
      10
       6
      10
      11
      11
      10
      12
       5
       9
       9
       3
       3
       9
      16
       8
       2
      12
      13
       6
       9
      10
       8
       4
       6
       7
      11
       8
      15
      13
      14
      10
       6
      13
       8
      12
      10
       8
      13
       7
      10
      15
      13
       7
      10
      24
      14
      13
      11
      15
      14
      12
      23
      14
      18
      22
      17
      13
      19
      19
      19
      16
      16
      23
      15
      19
      24
      18
      23
      19
      13
      29
      26
      15
      14
      22
      20
      22
      13
      22
      14
      12
      22
      21
      20
      25
      19
      17
       8
      21
      15
      13
      15
      11
      17
      13
       9
      22
      19
      12
      11
      10
      13
      18
       8
      14
      13
      11
      10
      15
       9
      15
       6
      13
      14
      17
      10
      16
      12
       8
      13
      10
       8
       6
       5
       6
       6
      12
       3
       7
       5
      11
      13
       4
       1
       8
       8
       7
       9
       4
       7
      13
       9
       5
       7
       3
       7
       7
       4
       7
       3
       8
       5
       6
       4
       4
       3
       3
       5
       3
       4
       6
       9
       4
       4
       4
       1
      11
       5
       4
       0
       3
       6
       1
       2
       3
       4
       5
       4
       5
       4
       5
       4
       2
       3
       5
       3
       5
       2
       2
       2
       7
       3
       1
       3
       0
       6
       2
       4
       4
       2
       1
       6
       3
       9
       5
       4
       2
       5
       2
       5
       3
       1
       3
       3
       3
       4
       4
       4
       2
       2
       1
       4
       1
       3
       4
       2
       8
       3
       4
       2
       5
       3
       2
       2
       5
       0
       2
       1
       4
       2
       4
       1
       3
       5
       4
       4
       6
       4
       3
       4
       4
       2
       3
       4
       4
       1
       3
       1
       4
       3
       3
       2
       6
       3
       2
       3
       3
       5
       6
       3
       2
       4
       6
       1
       2
       3
       4
       1
       5
       2
       3
       5
       2
       5
       3
       3
       4
       5
       0
       1
       0
       3
       6
       2
       4
       5
       4
       3
       0
       4
       4
       2
       1
       2
       5
       5
       6
       3
       3
       3
       4
       3
       5
       5
       1
       3
       4
       2
       2
       2
       4
       3
       6
       2
       5
       1
       4
       4
       4
       1
       2
       7
       7
       4
       3
       1
       4
       1
       1
       2
       4
       3
       1
       4
       5
       5
       2
       4
       5
       4
       1
       5
       2
       1
       4
       4
       5
       3
       3
       4
       1
       1
       3
       4
       4
       4
       1
       4
       4
       3
       6
       3
       3
       2
       1
       4
       1
       1
       1
       2
       5
       0
       2
       4
       5
       3
       2
       2
       2
       1
       3
       1
       3
       2
       2
       1
       3
       3
       3
       4
       2
       5
       1
       0
       2
       2
       4
       1
       2
       4
       2
       2
       2
       4
       4
       3
       1
       4
       2
       3
       1
       1
       2
       0
       2
       0
       2
       2
       2
       2
       3
       2
       3
       3
       3
       8
       5
       0
       1
       4
       2
       3
       2
       1
       2
       4
       4
       2
       2
       6
       2
       4
       4
       3
       3
       6
       2
       1
       1
       3
       3
       1
       7
       1
       2
       4
       4
       5
       1
       4
       2
       5
       3
       7
       2
       6
       6
       6
       4
       2
       4
       1
       2
       2
       2
       5
       3
       6
       4
       8
       4
       5
       1
       7
       5
       3
       5
       2
       5
       7
       2
       5
       4
       4
       3
       6
       7
       2
       3
       4
       3
       4
       3
       3
       2
       4
       3
       3
       1
       3
       6
       2
       3
       1
       5
       3
       3
       6
       4
       4
       5
       3
       6
       2
       4
       7
       6
       9
       3
       2
       8
       4
       2
       4
       2
       5
       4
       6
       4
       1
       3
       1
       5
       3
       6
       2
       3
       6
       4
       4
       2
       2
       4
       5
       4
       7
       6
       4
       3
       1
       5
       3
       1
       7
       0
       2
       1
       2
       1
       3
       0
       3
       1
       6
       1
       0
       4
       2
       3
       4
       1
       2
       1
       5
       3
       2
       1
       3
       1
       1
       6
       3
       1
       2
       3
       3
       4
       1
       0
       4
       3
       3
       3
       2
       2
       2
       0
       2
       5
       7
       0
       1
       2
       1
       4
       2
       4
       2
       4
       2
       1
       1
       0
       1
       1
       1
       0
       3
       1
       2
       0
       0
       3
       2
       1
       0
       3
       3
       2
       1
       0
       2
       1
       1
       3
       3
       2
       3
       3
       2
       2
       3
       6
       2
       2
       2
       2
       2
       0
       1
       1
       4
       1
       0
       2
       1
       1
       1
       1
       2
       7
       4
       3
       2
       1
       2
       2
       2
       3
       2
       0
       4
       1
       3
       1
       3
       2
       5
       2
       2
       2
       0
       2
       0
       2
       3
       2
       3
       1
       3
       3
       3
       0
       4
       2
       3
       2
       2
       2
       4
       4
       4
       3
       2
       4
       1
       3
       4
       2
       4
       4
       1
       1
       7
       1
       3
       5
       3
       2
       4
       1
       4
       3
       2
       1
       8
       3
       6
       4
       3
       1
       7
       2
       4
       1
       2
       5
       3
       5
       4
       6
       6
       1
       2
       5
       3
       3
       3
       1
       3
       1
       2
       5
       3
       2
       2
       3
       0
       0
       3
       3
       2
       4
       2
       2
       3
       4
       2
       2
       4
       0
       2
       2
       3
       1
       5
       3
       1
       3
       3
       3
       2
       2
       2
       3
       0
       3
       2
       0
       1
       1
       1
       0
       1
       1
       0
       2
       1
       0
       1
       0
       1
       2
       1
       0
       2
       1
       1
       1
       2
       0
       0
       0
       0
       0
       2
       2
       0
       0
       2
       0
       1
       2
       0
       2
       0
       0
       4
       0
       2
       0
       2
       0
       1
       0
       1
       0
       4
       2
       0
       3
       0
       1
       1
       0
       0
       3
       0
       3
       1
       2
       1
       1
       1
       0
       0
       2
       2
       1
       2
       3
       3
       0
       1
       3
       2
       1
       1
       1
       1
       1
       0
       3
       0
       0
       1
       0
       4
       1
       1
       1
       0
       0
       0
       0
       1
       2
       1
       1
       0
       2
       1
       1
       0
       1
       2
       0
       1
       0
       2
       0
       0
       1
       2
       0
       2
       1
       2
       0
       0
       1
       0
       1
       1
       2
       0
       1
       1
       1
       0
       1
       1
       1
       2
       0
       0
       3
       0
       1
       1
       0
       1
       1
       2
       0
       1
       0
       0
       1
       1
       1
       1
       1
       2
       3
       1
       1
       2
       2
       2
       0
       1
       0
       1
       2
       1
       1
       3
       2
       1
       1
       3
       0
       0
       0
       1
       2
       2
       1
       1
       2
       2
       1
       0
       0
       0
       2
       4
       1
       1
       1
       1
       2
       0
       1
       0
       1
       1
       0
       0
       2
       0
       2
       0
       1
       1
       2
       1
       2
       3
       1
       2
       1
       1
       1
       2
       0
       2
       1
       0
       0
       1
       3
       0
       2
       2
       1
       1
       0
       1
       3
       0
       1
       0
       0
       0
       2
       1
       0
       2
       1
       0
       0
       1
       0
       1
       1
       1
       4
       0
       2
       0
       1
       1
       1
       2
       1
       1
       1
       0
       3
       1
       1
       0
       1
       2
       1
       0
       0
       0
       1
       1
       1
       1
       0
       2
       0
       1
       4
       1
       2
       0
       0
       1
       1
       0
       0
       2
       2
       1
       0
       0
       2
       1
       1
       3
       1
       0
       0
       2
       2
       1
       1
       0
       0
       5
       1
       1
       0
       2
       2
       0
       0
       1
       0
       4
       0
       2
       1
       1
       1
       2
       0
       1
       1
       1
       3
       0
       1
       3
       0
       2
       0
       2
       1
       1
       1
       4
       2
       1
       1
       0
       1
       3
       0
       1
       1
       0
       2
       0
       2
       1
       3
       0
       1
       1
       1
       2
       2
       2
       1
       4
       1
       1
       0
       1
       0
       0
       0
       0
       0
       0
       0
       0
       0
       0
       0
       0
       0
       0
       0
       0
       0
       0
       0
       0
       0
       0
       0
       0
       0
       0
       0
       0
       0
       0
       0
       0
       0
       0
       0
       0
       0
       0
       0
       0
       0
       0
       0
       0
       0
       0
       0
       0
       0
       0
       0
       0
       0
       0
       0
       0
       0
       0
       0
       0
       0
       0
       0
       0
       0
       0
       0
       0
       0
       0
       0
       0
       0
       0
       0
       0
       0
       0
       0
       0
       0
       0
       0
       0
       0
       0
       0
       0
       0
       0
$ROI:
2
10 10
279 331
$PRESETS:
None
0
0
$ENER_FIT:
0.000000 0.000000
$MCA_CAL:
3
0.000000E+000 0.000000E+000 0.000000E+000 
$SHAPE_CAL:
3
0.000000E+000 0.000000E+000 0.000000E+000
