$SPEC_ID:
Beryllilum 1 Calibration
$SPEC_REM:
DET# 1
DETDESC# SPL3-VDG-PC Easy-MCA-8k SN 15013759
AP# Maestro Version 7.01
$DATE_MEA:
10/12/2021 15:12:07
$MEAS_TIM:
424 425
$DATA:
0 2047
       0
       0
     919
   21490
   21252
   12984
   14470
    1386
     124
       1
       0
       0
       0
       0
       0
       0
       0
       0
       0
       0
       0
       0
       0
       0
       0
       0
       0
       1
       0
       1
       1
       0
       0
       1
       0
       0
       0
       1
       0
       0
       0
       0
       0
       0
       0
       0
       0
       0
       0
       0
       0
       0
       0
       0
       0
       0
       0
       0
       0
       0
       0
       0
       0
       0
       0
       0
       0
       0
       0
       0
       0
       0
       0
       0
       0
       0
       0
       0
       0
       0
       0
       0
       0
       0
       0
       0
       0
       0
       0
       0
       0
       0
       0
       0
       1
       0
       0
       0
       0
       0
       0
       0
       0
       0
       0
       0
       1
       0
       0
       0
       0
       0
       0
       0
       0
       0
       0
       0
       0
       0
       0
       0
       0
       0
       0
       0
       0
       0
       0
       0
       0
       0
       0
       0
       0
       0
       0
       0
       0
       0
       0
       0
       1
       0
       0
       0
       0
       0
       0
       0
       0
       0
       0
       0
       0
       0
       1
       0
       0
       0
       0
       0
       0
       0
       0
       0
       0
       0
       0
       0
       0
       0
       0
       1
       1
       0
       0
       0
       0
       0
       0
       0
       0
       0
       0
       0
       0
       0
       0
       0
       0
       0
       0
       0
       0
       0
       0
       0
       0
       0
       0
       0
       0
       0
       0
       0
       0
       0
       0
       0
       0
       0
       0
       0
       0
       0
       0
       0
       0
       0
       0
       0
       0
       0
       0
       3
       1
       4
       8
       9
       5
      23
      17
      34
      38
      41
      25
      51
      31
      42
      54
      35
      48
      42
      42
      40
      47
      36
      34
      49
      47
      36
      45
      40
      42
      42
      37
      38
      54
      41
      35
      35
      37
      42
      39
      42
      28
      44
      40
      40
      30
      37
      40
      23
      31
      35
      30
      38
      37
      37
      42
      42
      36
      42
      43
      44
      41
      47
      47
      48
      41
      32
      46
      51
      38
      56
      46
      54
      51
      44
      50
      42
      59
      44
      47
      47
      52
      36
      52
      53
      40
      50
      39
      49
      41
      44
      52
      54
      36
      41
      36
      43
      38
      30
      36
      35
      28
      31
      50
      41
      38
      26
      22
      32
      35
      31
      37
      35
      35
      24
      28
      30
      31
      41
      36
      38
      34
      37
      32
      34
      26
      21
      39
      23
      36
      33
      36
      30
      30
      34
      22
      25
      32
      37
      26
      25
      33
      20
      26
      23
      21
      20
      32
      22
      17
      14
      21
      25
      32
      27
      26
      13
      22
      21
      24
      31
      17
      23
      24
      22
      28
      24
      17
      19
      18
      21
      30
      17
      16
      15
      17
      22
      18
      19
      21
      16
      13
      20
      20
      14
      18
      24
      22
      15
      14
      22
      21
      17
      16
      12
      15
      23
      18
      19
      22
      15
      17
      24
      17
      23
      24
      11
      28
      14
      15
      22
      16
      13
      16
      11
      20
      17
      26
      18
       9
      11
      32
      29
      21
      18
      17
      16
      22
       9
      10
      21
      23
      20
      21
      18
      20
      19
      13
      15
      16
      16
      15
      16
      14
      16
      12
      17
      18
      13
      19
      17
      16
      11
      22
       9
      14
      15
       7
      17
      11
      20
      16
       8
      13
      14
      13
      16
      12
      14
      10
       9
       9
      15
      14
      15
      15
      13
      10
      13
      21
      13
      15
      10
      20
      10
      12
      10
      22
      12
      12
      11
      13
       9
      14
       8
      16
      14
       9
      23
      15
       7
      14
      11
      12
      11
      15
      21
      16
      11
       9
      21
      12
      18
      13
      11
      13
      20
      18
      15
      16
      11
      15
      13
       9
       9
      10
      21
      13
      17
      14
      14
      12
      21
      10
      13
      12
      14
      18
      12
      13
      14
      20
      11
      10
      14
      17
       9
      14
      14
      13
      12
      16
      11
      23
      17
      11
       9
      10
      14
      10
      14
      17
      16
      10
       7
      13
      10
       9
      10
      12
      11
      17
      11
      12
      15
       6
       6
       5
       7
       7
       8
       8
       9
      14
      11
      11
      11
       5
       8
      12
      12
      17
      10
      10
       4
       9
      10
       5
      12
      14
      16
      10
      12
      16
      13
      13
       8
       4
      10
       8
      12
      16
      14
      12
       8
       9
      11
      11
       8
      13
      10
       9
       7
       9
       7
      15
       7
      11
       9
      15
      12
      16
       4
      10
       9
       7
       7
      10
       9
      11
      11
      15
      10
      13
       9
      13
       5
      13
       4
      11
      15
      13
      11
      13
       4
       6
       6
       3
       8
       9
      10
       8
      11
      10
       7
       7
       7
       8
       5
       9
      12
       6
      11
       8
       7
       8
       7
       9
      10
      15
       9
       5
      12
       7
       6
       7
       6
       9
      10
      11
       8
       2
       7
      12
      10
      10
      11
       8
      11
       4
       8
       9
      16
       4
      12
       7
      10
       9
       8
      11
       8
      10
      10
       4
       8
       2
       7
      11
       3
       6
       9
       9
       6
       9
       9
       5
       7
       9
       4
       7
       4
       4
       5
       8
       6
       3
       5
      10
       4
       5
       4
       6
       6
       5
       7
       8
       7
      11
       7
       4
       5
      11
       7
      10
       6
      11
      10
       7
       4
       9
       5
       9
       8
       6
       6
       8
       7
       8
       4
       3
       7
       8
      11
       6
       6
       7
       3
      11
      15
       4
      11
       7
       8
       9
       9
       8
       5
      13
       4
       5
      10
       7
      11
       8
      16
       7
      14
       8
       9
      10
       8
      10
      17
       8
       5
      20
      10
       6
      12
      13
      13
       2
      13
      14
      10
      19
      12
      12
      20
       5
      11
      11
      17
      17
      19
      14
      15
      14
      14
      10
      15
      14
      20
      20
      15
      15
      13
      16
      19
      11
      12
      22
       6
      16
      18
       9
      12
       9
      18
      20
      14
      19
      12
      11
      12
      18
      13
       9
       7
      12
       9
       8
      12
       8
      19
      12
      11
      13
       7
      11
       9
       9
       8
      11
      10
      15
      10
      10
       8
       3
       6
       8
       8
       2
       6
      11
       3
       4
       4
       7
       8
       4
       7
       8
       5
       7
       1
      10
       2
       5
       6
       5
       8
       3
       5
       7
       4
       5
       3
       5
       5
       7
       6
       4
       4
       6
       7
       2
       4
       1
       6
       4
       1
       5
       2
       4
       4
       5
       0
       6
       7
       2
       3
       5
       2
       3
       5
       2
       8
       5
       0
       3
       3
       2
       7
       5
       4
       6
       4
       0
       2
       1
       3
       3
       5
       2
       3
       3
       5
       1
       6
       5
       4
       5
       3
       3
       3
       3
       2
       7
       2
       0
       5
       8
       3
       3
       7
       1
       4
       3
      11
       7
       4
       1
       3
       1
       6
       5
       2
       3
       6
       3
       7
       5
       2
       4
       3
       4
       5
       3
       3
       6
       7
       2
       4
       2
       3
       0
       5
       2
       6
       5
       6
       0
       3
       1
       3
       5
       4
       4
       5
       3
       3
       3
       5
       2
       5
       4
       6
       6
       4
       1
       2
       1
       1
       4
       4
       5
       3
       3
       4
       1
       3
       5
       7
       5
       6
       7
       1
       3
       2
       3
       2
       7
       3
       4
       2
       3
       6
       4
       0
       5
       3
       2
       4
       2
       3
       1
       3
       2
       3
       2
       0
       2
       6
       2
       2
       1
       2
       3
       5
       5
       4
       2
       6
       3
       4
       1
       2
       5
       0
       3
       3
       5
       6
       2
       5
       3
       2
       0
       4
       2
       3
       6
       1
       0
       5
       1
       3
       4
       3
       4
       4
       5
       3
       2
       2
       1
       7
       1
       1
       8
       5
       0
       1
       3
       0
       7
       1
       2
       1
       1
       7
       4
       3
       2
       3
       5
       2
       4
       9
       0
       2
       2
       2
       2
       1
       3
       4
       2
       5
       1
       2
       3
       2
       5
       3
       0
       1
       1
       2
       5
       3
       4
       1
       1
       5
       3
       1
       4
       1
       1
       3
       1
       1
       3
       1
       3
       3
       2
       5
       5
       0
       3
       4
       3
       3
       4
       2
       4
       3
       2
       6
       2
       3
       1
       1
       3
       4
       2
       1
       3
       0
       3
       2
       2
       3
       1
       2
       3
       2
       2
       5
       4
       4
       2
       2
       1
       3
       4
       5
       0
       1
       5
       1
       3
       3
       2
       2
       3
       3
       3
       4
       3
       1
       4
       1
       3
       3
       7
       2
       7
       4
       3
       4
       2
       5
       2
       5
       5
       3
       7
       2
       3
       5
       3
       1
       1
       5
       5
       4
       5
       4
       7
       4
       1
       1
       4
       6
       6
       5
       7
       4
       6
       4
       2
       3
      11
       7
       5
       2
       5
       4
       7
       4
      10
       2
       6
       5
       6
       6
       3
       8
       3
       3
       3
       2
       3
       5
       9
       3
       4
       2
       2
       7
       4
       7
       6
       2
       3
       8
       5
       6
       2
       2
       6
       5
       2
       3
       6
       5
       4
       3
       2
       4
       2
       5
       3
       4
       0
       6
       4
       8
       3
       4
       8
       4
       3
       5
       6
       2
       2
       0
       5
       2
       4
       2
       1
       1
      10
       5
       2
       2
       5
       3
       2
       4
       1
       3
       1
       1
       3
       2
       5
       0
       1
       0
       0
       2
       3
       2
       4
       0
       2
       0
       6
       3
       2
       1
       1
       2
       0
       1
       1
       5
       0
       1
       0
       0
       4
       3
       1
       0
       0
       3
       3
       2
       1
       4
       0
       1
       0
       2
       0
       6
       4
       1
       1
       2
       0
       2
       0
       1
       0
       0
       1
       0
       0
       1
       1
       2
       1
       1
       0
       0
       0
       2
       3
       0
       0
       0
       0
       0
       3
       0
       1
       1
       2
       1
       1
       1
       2
       2
       1
       3
       1
       1
       0
       0
       1
       1
       1
       4
       1
       1
       0
       1
       1
       1
       1
       3
       1
       1
       1
       0
       1
       1
       1
       1
       3
       2
       4
       2
       0
       0
       1
       5
       4
       2
       0
       2
       3
       1
       1
       2
       1
       2
       0
       1
       0
       3
       2
       1
       2
       1
       2
       1
       2
       2
       2
       7
       1
       0
       0
       4
       1
       2
       0
       1
       3
       2
       1
       2
       4
       3
       2
       1
       2
       2
       0
       1
       2
       2
       4
       3
       3
       2
       3
       0
       4
       3
       0
       4
       0
       1
       1
       0
       2
       3
       4
       3
       1
       2
       0
       0
       1
       1
       0
       0
       0
       1
       4
       1
       2
       3
       2
       0
       2
       0
       1
       1
       2
       1
       1
       0
       1
       1
       0
       2
       1
       0
       3
       2
       1
       2
       2
       1
       1
       0
       2
       0
       0
       1
       0
       0
       1
       0
       0
       2
       0
       1
       1
       2
       2
       1
       1
       1
       0
       0
       1
       0
       0
       2
       0
       1
       0
       0
       0
       0
       1
       0
       1
       0
       0
       0
       0
       1
       1
       0
       0
       1
       2
       1
       0
       0
       0
       1
       0
       0
       1
       0
       0
       1
       1
       0
       1
       1
       0
       0
       0
       0
       1
       2
       1
       0
       0
       2
       1
       1
       0
       0
       0
       0
       1
       1
       1
       1
       0
       1
       0
       1
       0
       0
       1
       0
       0
       0
       0
       0
       0
       1
       0
       1
       0
       0
       0
       0
       0
       0
       0
       1
       0
       0
       1
       0
       0
       0
       0
       0
       0
       2
       1
       0
       1
       0
       1
       1
       0
       0
       1
       0
       0
       1
       0
       0
       0
       0
       1
       0
       0
       0
       0
       0
       0
       0
       1
       0
       0
       1
       0
       1
       0
       1
       1
       0
       0
       0
       0
       1
       0
       1
       1
       2
       0
       1
       0
       0
       0
       1
       0
       1
       1
       1
       0
       0
       0
       0
       1
       1
       0
       1
       1
       0
       0
       1
       0
       0
       1
       0
       0
       0
       0
       2
       0
       0
       0
       0
       1
       0
       0
       0
       1
       1
       0
       0
       1
       1
       1
       0
       1
       0
       1
       1
       1
       1
       1
       0
       0
       1
       0
       1
       2
       1
       0
       1
       0
       1
       0
       0
       0
       0
       0
       1
       1
       0
       2
       2
       1
       2
       0
       0
       0
       1
       1
       0
       1
       1
       1
       1
       0
       0
       0
       0
       0
       0
       0
       0
       0
       1
       0
       2
       0
       0
       1
       1
       4
       1
       1
       0
       0
       0
       0
       0
       0
       1
       0
       1
       0
       0
       0
       0
       0
       0
       1
       0
       2
       0
       0
       0
       1
       1
       1
       1
       1
       1
       1
       0
       0
       0
       0
       0
       1
       2
       0
       0
       0
       2
       3
       0
       0
       3
       0
       0
       0
       0
       0
       0
       0
       0
       0
       2
       2
       1
       0
       1
       0
       0
       2
       0
       1
       0
       0
       0
       0
       1
       0
       0
       1
       1
       1
       0
       0
       0
       0
       1
       0
       2
       1
       1
       1
       1
       3
       0
       0
       1
       1
       0
       1
       0
       2
       0
       2
       0
       1
       0
       0
       0
       0
       0
       0
       0
       0
       0
       0
       0
       0
       0
       0
       0
       0
       0
       0
       0
       0
       0
       0
       0
       0
       0
       0
       0
       0
       0
       0
       0
       0
       0
       0
       0
       0
       0
       0
       0
       0
       0
       0
       0
       0
       0
       0
       0
       0
       0
       0
       0
       0
       0
       0
       0
       0
       0
       0
       0
       0
       0
       0
       0
       0
       0
       0
       0
       0
       0
       0
       0
       0
       0
       0
       0
       0
       0
       0
       0
       0
       0
       0
       0
       0
       0
       0
       0
       0
       0
$ROI:
2
10 10
279 331
$PRESETS:
None
0
0
$ENER_FIT:
0.000000 0.000000
$MCA_CAL:
3
0.000000E+000 0.000000E+000 0.000000E+000 
$SHAPE_CAL:
3
0.000000E+000 0.000000E+000 0.000000E+000
