$SPEC_ID:
Beryllilum 1 Calibration
$SPEC_REM:
DET# 1
DETDESC# SPL3-VDG-PC Easy-MCA-8k SN 15013759
AP# Maestro Version 7.01
$DATE_MEA:
10/07/2021 16:46:29
$MEAS_TIM:
588 594
$DATA:
0 2047
       0
       0
    2168
   69499
  125537
  148784
  214317
   14028
     608
       6
       4
       3
       3
       1
       1
       0
       0
       0
       0
       1
       0
       0
       1
       0
       1
       2
       0
       1
       0
       2
       3
       3
       1
       2
       0
       2
       1
       1
       1
       0
       1
       0
       0
       0
       0
       0
       1
       1
       1
       0
       3
       1
       0
       1
       0
       0
       0
       0
       1
       1
       1
       0
       1
       0
       1
       0
       0
       0
       1
       0
       0
       1
       0
       0
       0
       0
       0
       0
       1
       0
       1
       0
       0
       0
       0
       1
       0
       0
       0
       0
       0
       0
       1
       1
       1
       0
       0
       1
       1
       0
       0
       1
       0
       0
       0
       0
       0
       0
       0
       0
       0
       0
       0
       0
       0
       0
       1
       0
       0
       0
       1
       0
       1
       1
       0
       0
       1
       0
       0
       0
       1
       1
       0
       1
       0
       0
       2
       0
       1
       1
       2
       2
       0
       0
       0
       0
       0
       0
       0
       2
       0
       0
       0
       0
       1
       3
       1
       1
       0
       0
       1
       0
       0
       0
       1
       0
       1
       1
       0
       1
       0
       0
       0
       1
       0
       0
       0
       1
       0
       0
       0
       0
       2
       0
       1
       0
       0
       0
       0
       0
       0
       1
       0
       1
       1
       0
       0
       0
       0
       1
       0
       1
       0
       0
       0
       2
       0
       0
       0
       0
       0
       0
       0
       1
       0
       0
       0
       0
       1
       0
       1
       0
       1
       0
       4
       0
       3
       7
      11
       6
      14
      32
      33
      27
      54
      55
      51
      61
      62
      84
      77
      70
      70
      81
      81
      93
      77
      71
      79
      62
      64
      71
      71
      79
      63
      77
      68
      65
      64
      72
      67
      71
      79
      71
      61
      80
      68
      68
      78
      68
      75
      56
      74
      74
      81
      90
      75
      74
      73
      84
      82
      91
      96
      92
     113
      89
     100
      90
     112
     127
     130
     138
     137
     151
     144
     180
     149
     162
     175
     196
     149
     204
     202
     175
     194
     220
     213
     201
     206
     202
     205
     199
     182
     191
     184
     196
     148
     173
     151
     157
     162
     120
     126
     131
     112
     121
     105
      91
      97
      95
      86
      81
      93
      89
      57
      67
      62
      56
      69
      70
      48
      52
      50
      68
      49
      60
      60
      59
      45
      50
      41
      53
      51
      39
      48
      35
      45
      43
      66
      47
      35
      38
      43
      47
      37
      56
      44
      47
      43
      35
      51
      39
      31
      35
      38
      21
      35
      39
      41
      38
      43
      47
      30
      29
      38
      37
      40
      33
      26
      31
      35
      35
      25
      33
      31
      28
      40
      31
      38
      39
      35
      31
      26
      36
      29
      31
      31
      35
      29
      27
      34
      33
      22
      34
      33
      27
      43
      29
      34
      35
      22
      28
      30
      25
      23
      29
      20
      24
      35
      25
      25
      25
      27
      25
      24
      34
      22
      29
      26
      37
      36
      26
      32
      24
      25
      24
      33
      23
      28
      25
      20
      28
      24
      32
      36
      24
      27
      29
      22
      25
      24
      20
      22
      27
      32
      31
      20
      32
      27
      28
      19
      30
      20
      33
      28
      22
      25
      24
      24
      31
      18
      29
      21
      31
      25
      22
      23
      34
      23
      28
      27
      27
      12
      24
      15
      33
      23
      19
      24
      22
      33
      21
      16
      20
      22
      18
      28
      17
      23
      24
      18
      25
      29
      16
      13
      16
      17
      12
      17
      32
      19
      18
      25
      14
      21
      28
      34
      19
      23
      36
      21
      21
      19
      26
      26
      18
      24
      14
      20
      22
      19
      24
      19
      16
      22
      28
      18
      28
      18
      17
      27
      18
      16
      21
      17
      22
      26
      17
      25
      23
      17
      17
      19
      21
      23
      20
      25
      14
      17
      17
      15
      34
      22
      19
      31
      20
      24
      17
      20
      22
      31
      27
      24
      12
      17
      24
      21
      18
      20
      29
      15
      16
      23
       9
      22
      14
      18
      22
      17
      15
      16
      13
      11
      23
      12
      14
      17
      15
      23
      11
      19
      20
      20
      26
      16
      11
      13
      19
      16
      18
      15
      15
      21
      12
      13
      19
      12
      23
      19
      17
      19
       9
      14
      11
      14
      11
      18
      16
      12
      13
      12
      25
      12
       9
      25
      20
      13
      18
      14
      13
      14
      15
      16
       9
      15
      10
      11
      14
       7
      15
      19
      10
      18
      13
       7
      16
      17
      12
      11
      13
      18
      18
      13
      20
      22
      17
      17
      15
      17
      10
      21
      16
      16
      18
      14
      14
      15
      24
      14
      12
      11
      16
      13
       7
      20
      15
      16
      11
      18
      14
      16
      15
      13
       9
       8
      12
      16
      12
      19
      11
      10
      13
      10
      10
      11
      15
      10
       9
       9
      14
      16
      12
      15
      18
      10
      15
      13
      17
      15
       9
      11
       9
      17
      12
      10
       7
       6
      16
      10
      16
      12
       9
      16
      16
      14
      22
      12
      15
       8
      11
       7
      12
      14
      10
      12
      11
      11
      12
      16
      19
       8
      11
      16
      11
       8
      12
      10
       5
       8
      11
      19
      12
       6
      11
       6
      11
       8
      11
       9
       8
       8
      12
      12
      14
      17
      10
       6
      14
       5
      14
      12
       9
       6
      21
      18
      10
      14
      12
       5
      11
       9
       7
       9
      12
      10
      10
       7
      15
      10
      11
      10
      11
      11
      10
      16
      17
      11
      16
      12
      10
      10
      10
       8
       9
       7
      11
      16
      14
      11
       7
      16
      10
      16
      15
      13
      21
      13
      12
      16
      27
      13
      17
      25
      15
      20
      24
      18
      16
      22
      21
      17
      23
      23
      23
      17
      23
      17
      31
       8
      19
      26
      24
      22
      28
      26
      16
      20
      17
      26
      20
      18
      24
      19
      17
      18
      21
      15
      16
      24
      21
      17
      16
      18
      17
      21
      15
      22
      18
      13
      25
      19
      21
      16
      17
      15
      24
       9
      12
      18
      22
      15
       8
       8
      10
      11
      10
      13
      14
      17
      13
      16
       8
      17
      12
      14
      16
      11
       9
      11
       9
       8
      17
       7
      12
       9
      10
       5
      10
       8
       8
       6
      10
       7
       4
      13
       8
       7
       8
       6
      12
      17
       7
       8
       8
       8
       7
       4
       7
      10
       9
       9
       4
       5
       6
      11
       7
       4
      11
       5
       5
       4
       7
       9
       7
       8
       8
       4
       9
       4
       7
       8
       2
       5
       6
       4
       6
       2
       3
       7
       9
      10
       3
       4
       2
       5
       9
      11
      10
       8
       3
       6
      11
       7
       5
       5
       5
       5
       8
       7
      10
       9
       4
       6
       6
      10
       9
       9
       7
      10
       8
      11
       7
       9
      10
       5
      10
       5
       8
       5
       8
      12
       5
       9
       8
       8
       8
      11
       5
       7
      13
       6
       7
       9
       5
      12
      15
       6
       4
       4
      10
       3
       5
       7
      13
       6
       5
      11
       8
       9
       5
       6
       8
       3
      12
      11
      11
      14
       9
       6
       2
       4
      10
       7
       4
       9
      12
      13
       6
       9
       8
       7
       6
       7
       5
       4
       6
       8
       9
      10
      10
       6
       6
       8
       9
      10
       8
       9
       7
       5
       7
       6
       8
       7
      14
       6
      11
      10
       9
       7
       5
       4
       8
       9
       5
       4
       7
      10
       3
       6
       7
       5
       1
       8
       8
       7
       7
       2
       6
       5
       4
       8
       9
       3
       4
       3
       7
       7
       4
       6
       7
       6
       4
       7
       1
       7
       6
       6
      11
       4
       4
       9
       4
       8
       5
       3
       6
       3
       4
       4
       5
       4
      10
       7
       5
       4
      10
       8
       3
       6
       8
       8
       3
       7
      11
       9
       8
       7
       9
       5
       6
       8
       2
       3
       9
       5
       4
       8
       7
      10
       3
      10
       4
       5
       2
       7
       5
       4
      10
       3
       4
       5
       6
      11
       4
      10
       4
       5
       5
       2
       4
       8
       6
       6
      11
       3
      10
       9
       3
       9
       3
       4
       6
       4
       7
       3
       5
       5
       6
       3
       6
       7
       3
       6
       4
       5
       8
       2
      10
       5
       5
       5
       2
       5
       4
      10
       4
       3
       1
       6
       2
       4
       4
       6
       5
       3
       4
       3
      10
       3
       2
       5
       8
       3
       4
       5
       4
       7
       4
       4
       6
       2
       6
       2
       7
       7
       2
       5
       4
       4
       9
       2
       3
       6
       3
       3
       4
       8
       2
       5
       7
       4
       3
       6
       8
       3
       5
       5
       2
       9
       7
       2
       6
       6
       6
       3
       5
       1
       3
       5
       4
       4
       4
       9
       3
       5
       7
       6
       2
       5
       6
       6
       4
       5
       3
       6
       7
       4
      10
       9
       3
       6
      11
       6
       4
       4
       4
       5
       3
       8
      10
       4
       9
       8
       7
       7
       9
       5
      13
       6
       8
       6
       9
       2
       8
      13
       5
       7
       6
       5
       6
       8
       7
       8
       9
       7
      10
       5
       8
       7
       9
       6
       6
       7
       7
       5
       7
       7
      10
       5
       9
       7
       8
       6
      16
      11
       8
      12
       7
       8
      12
       5
       8
      13
       9
       4
       9
      10
       4
       8
       9
      12
       8
       7
       7
       7
       1
       5
      10
       7
       7
       9
       9
       6
       8
       2
       4
       5
       6
       6
       5
       5
       8
       4
       6
       6
       9
       8
       8
       3
       5
       7
       2
       6
       5
       4
       6
       4
       2
       7
       3
       3
       7
       7
       4
       2
       7
       4
       4
       4
       5
       1
       6
       4
       8
       4
       4
       2
       1
       8
       4
       2
       4
       5
       4
       2
       6
       7
       6
       5
       3
       2
       2
       2
       4
       6
       1
       2
       3
       2
       1
       8
       3
       3
       0
       6
       4
       4
       4
       2
       2
       1
       3
       7
       5
       6
       4
       2
       6
       2
       4
       4
       0
       3
       4
       4
       4
       4
       3
       7
       2
       3
       2
       5
       3
       2
       3
       5
       6
       4
       2
       9
       2
       5
       4
       4
       6
       7
       9
       6
       6
       4
       1
       3
       6
       3
       6
       3
       5
       3
       5
       8
       7
       6
       6
       5
       5
       6
       6
       3
       4
       8
       2
       3
       3
       6
       4
       5
       4
       5
       0
       5
       1
       3
       4
      10
       5
       1
       3
       4
       3
       6
       3
       7
       2
       4
       3
       3
       3
       6
       2
       5
       3
       2
       5
       1
      10
       3
       2
       3
       3
       3
       1
       4
       2
       3
       2
       5
       9
       6
       2
       3
       3
       2
       7
       4
       4
       3
       7
       1
       4
       6
       3
       0
       3
       6
       4
       4
       3
       2
       9
       1
       2
       5
       5
       3
       2
       2
       2
       4
       3
       1
       3
       4
       6
       4
       0
       1
       1
       5
       2
       3
       3
       0
       3
       1
       3
       2
       2
       1
       4
       2
       4
       2
       4
       0
       2
       0
       7
       4
       1
       0
       2
       6
       0
       1
       3
       6
       2
       2
       2
       2
       2
       3
       2
       3
       3
       5
       1
       2
       4
       3
       3
       3
       5
       2
       2
       4
       6
       4
       4
       4
       2
       2
       6
       8
       1
       2
       2
       3
       2
       2
       4
       3
       7
       3
       3
       5
       1
       1
       0
       3
       2
       0
       1
       4
       5
       1
       3
       1
       8
       5
       3
       3
       1
       2
       3
       1
       1
       1
       4
       2
       1
       4
       1
       2
       3
       2
       2
       1
       4
       4
       2
       1
       3
       2
       4
       5
       5
       2
       0
       3
       3
       4
       3
       0
       2
       2
       0
       2
       2
       6
       1
       0
       3
       5
       2
       6
       6
       4
       2
       1
       5
       5
       7
       1
       2
       3
       2
       5
       8
       4
       3
       2
       1
       3
       3
       1
       3
       1
       6
       2
       0
       1
       1
       2
       3
       3
       3
       4
       2
       3
       4
       4
       3
       3
       2
       3
       5
       1
       1
       1
       4
       3
       1
       2
       1
       2
       2
       4
       2
       4
       1
       2
       3
       2
       4
       1
       3
       2
       1
       2
       4
       3
       0
       4
       1
       1
       0
       3
       5
       3
       0
       6
       3
       4
       3
       1
       3
       5
       5
       3
       5
       3
       1
       0
       0
       0
       5
       2
       3
       3
       1
       6
       2
       0
       2
       4
       0
       5
       1
       3
       2
       0
       4
       4
       1
       1
       1
       1
       0
       9
       2
       2
       2
       3
       3
       1
       2
       2
       2
       5
       3
       3
       0
       4
       0
       2
       1
       4
       3
       5
       1
       2
       9
       4
       0
       4
       2
       0
       1
       1
       1
       1
       4
       2
       5
       4
       3
       1
       4
       2
       1
       6
       1
       2
       4
       4
       1
       4
       4
       2
      11
       4
       0
       0
       4
       2
       2
       3
       1
       0
       1
       3
       2
       1
       2
       3
       3
       1
       1
       4
       2
       1
       2
       5
       4
       1
       5
       4
       3
       4
       3
       2
       5
       1
       4
       3
       4
       1
       0
       0
       0
       0
       0
       0
       0
       0
       0
       0
       0
       0
       0
       0
       0
       0
       0
       0
       0
       0
       0
       0
       0
       0
       0
       0
       0
       0
       0
       0
       0
       0
       0
       0
       0
       0
       0
       0
       0
       0
       0
       0
       0
       0
       0
       0
       0
       0
       0
       0
       0
       0
       0
       0
       0
       0
       0
       0
       0
       0
       0
       0
       0
       0
       0
       0
       0
       0
       0
       0
       0
       0
       0
       0
       0
       0
       0
       0
       0
       0
       0
       0
       0
       0
       0
       0
       0
       0
       0
$ROI:
1
10 10
$PRESETS:
Live Time
600000
0
$ENER_FIT:
0.000000 0.000000
$MCA_CAL:
3
0.000000E+000 0.000000E+000 0.000000E+000 
$SHAPE_CAL:
3
0.000000E+000 0.000000E+000 0.000000E+000
