$SPEC_ID:
Beryllilum 1 Calibration
$SPEC_REM:
DET# 1
DETDESC# SPL3-VDG-PC Easy-MCA-8k SN 15013759
AP# Maestro Version 7.01
$DATE_MEA:
10/12/2021 15:21:34
$MEAS_TIM:
359 360
$DATA:
0 2047
       0
       0
      38
   15425
   22539
   15026
   18319
    1554
      70
       0
       0
       0
       0
       0
       0
       0
       0
       0
       0
       0
       0
       0
       0
       0
       0
       0
       1
       0
       0
       0
       0
       0
       0
       0
       0
       0
       0
       0
       0
       0
       0
       0
       0
       0
       0
       0
       0
       0
       0
       0
       0
       0
       0
       0
       0
       0
       0
       0
       0
       0
       0
       0
       0
       0
       0
       0
       0
       0
       0
       0
       0
       0
       0
       0
       0
       0
       0
       0
       0
       0
       0
       0
       0
       0
       0
       0
       0
       0
       0
       0
       0
       0
       0
       0
       0
       0
       0
       0
       0
       0
       0
       0
       0
       0
       1
       0
       0
       0
       0
       0
       1
       0
       0
       0
       0
       0
       0
       0
       0
       0
       1
       0
       0
       0
       0
       0
       0
       0
       0
       0
       0
       0
       0
       1
       0
       0
       0
       0
       0
       0
       0
       0
       0
       0
       0
       0
       0
       0
       0
       0
       0
       0
       0
       0
       0
       0
       0
       0
       0
       0
       0
       0
       0
       0
       0
       0
       0
       0
       0
       0
       0
       0
       0
       0
       0
       0
       0
       0
       0
       0
       1
       0
       0
       0
       0
       0
       0
       0
       0
       0
       0
       0
       0
       0
       0
       0
       0
       0
       0
       0
       0
       0
       0
       0
       1
       0
       0
       0
       0
       0
       0
       0
       0
       0
       0
       0
       0
       0
       0
       0
       0
       0
       0
       0
       0
       1
       1
       6
       5
      20
      25
      30
      25
      46
      42
      35
      42
      37
      40
      52
      45
      56
      44
      50
      53
      49
      41
      56
      50
      48
      43
      36
      51
      41
      45
      38
      52
      47
      45
      32
      40
      35
      40
      48
      56
      37
      40
      41
      44
      42
      41
      35
      33
      53
      43
      37
      51
      54
      49
      54
      52
      40
      52
      47
      54
      51
      59
      69
      50
      55
      51
      59
      45
      70
      48
      52
      55
      67
      70
      77
      64
      80
      80
      74
      78
      53
      64
      72
      63
      69
      77
      56
      55
      51
      62
      61
      60
      50
      46
      58
      51
      55
      50
      47
      40
      37
      43
      37
      47
      32
      42
      40
      46
      35
      32
      38
      35
      41
      31
      39
      32
      35
      39
      31
      25
      24
      45
      18
      27
      25
      41
      26
      29
      33
      35
      33
      41
      28
      23
      36
      32
      23
      33
      28
      29
      30
      18
      35
      27
      26
      14
      28
      34
      23
      30
      27
      25
      22
      22
      19
      29
      27
      25
      23
      19
      18
      18
      21
      29
      23
      17
      18
      25
      22
      24
      14
      22
      17
      15
      34
      15
      16
      25
      14
      26
      15
      25
      11
      22
      23
      19
      15
      21
      28
      20
      15
      16
      22
      15
      28
      18
      14
      18
      15
      16
      19
      15
      18
      21
      16
       6
      22
      20
      23
      15
      16
      17
      16
      20
      19
      17
      23
      20
      19
      21
      14
      23
      22
      23
      18
      15
      15
      21
      20
      19
      17
      16
      18
      19
      13
      19
      25
      17
      13
       8
      13
      21
      20
      18
      23
      11
      22
      17
      15
      12
       9
      12
      20
      13
       7
      21
      17
       9
      17
      22
      10
      20
      17
      16
       8
      23
      18
      10
      10
      17
      19
      10
      14
      16
      12
      12
      17
       6
      15
      11
      10
      20
      18
      16
      18
       8
      24
      21
      28
      21
      19
      15
      16
      11
      13
      16
      14
       7
      16
      17
      10
      14
      20
       9
      16
      21
      27
      19
      21
      20
      23
      19
      14
      19
      18
      10
      19
      13
      22
      15
      16
      17
      14
      22
      15
      19
      19
      18
      18
      10
      13
      12
      19
      16
      14
      18
      21
      13
      12
      15
      13
      21
      14
      17
      15
      19
      12
      14
      17
      12
      16
      13
      11
      21
      10
      12
      13
      12
      18
      13
      11
      17
      14
       4
      15
      10
      11
      16
       9
       9
      11
      14
      10
      12
       6
      20
      11
      14
       8
       8
      14
      12
      10
      18
      11
      20
      10
      11
       7
       5
      15
       7
      12
      11
      16
      12
      15
      15
       5
      15
       6
       7
       8
      13
      10
       5
       8
      10
       7
       9
       8
      17
      13
       8
      12
      14
       9
      11
       7
      13
       9
      18
      10
      10
      13
       8
      11
      12
      18
       3
       9
       9
       6
      18
       7
       8
       8
       5
      12
      14
      11
      12
      12
       7
       9
      13
       6
      10
       8
      11
      10
       7
       8
      12
      10
      16
      12
      14
      12
      17
      12
      20
      10
      16
      12
      10
       6
      16
      17
       7
      12
      11
      11
       8
       9
       4
      12
      11
      10
       6
       4
      11
      13
       9
      10
       6
      10
      21
       7
       8
       5
      13
      10
       7
       5
       6
      10
      13
      11
       7
      14
      13
      10
       6
       8
       6
       5
       6
      10
      13
      10
      14
      13
       9
       3
      10
       5
       6
       8
       2
      11
      12
       7
      10
       8
      10
       7
       7
      12
      11
       1
      10
      12
      12
       8
       7
       7
       6
       5
       7
       9
       5
       5
       9
       5
       4
       9
       2
       4
       6
       8
       5
      13
       7
      10
      12
      12
      11
       7
      13
      10
       6
       6
       8
       6
      11
      11
      11
       7
      11
       7
       6
       9
      12
      12
       8
      11
      10
       6
       4
      10
       7
      11
      10
      11
      10
       8
      11
       9
      15
       7
      10
       7
      15
      10
      13
       7
      11
      14
      10
      11
      11
      14
      11
       7
      16
      12
      18
      15
      16
      13
      14
      11
       9
      11
       8
      16
      10
      11
      11
      13
      15
      23
      15
      20
      13
      14
      22
      15
      25
      20
      11
      23
      14
      13
      24
      17
      15
      15
      13
      21
      13
      13
      14
      14
      12
      16
      20
      12
      18
      14
      13
      17
      12
      10
      15
      14
       9
      16
      12
      17
       9
       9
      13
       8
      14
      21
      10
      11
      11
       7
       8
      16
      10
      12
      10
       7
      12
       8
       6
       7
       7
       5
       7
       9
       7
       6
       9
       5
       3
       7
      10
       8
       5
       5
      11
       7
       5
       6
      10
       7
       3
       9
      10
       8
       8
       5
       3
       4
       4
       7
       7
       5
       5
       8
       5
       9
       9
       5
       6
       4
       3
       4
       6
       8
       5
       5
       5
       3
       4
       3
       9
       5
       3
       6
       7
       2
       2
       9
       5
       1
       8
       5
       4
       8
       5
       8
       6
       3
       5
       4
       8
       2
       4
       4
       5
       4
       7
       5
       7
       3
       4
       4
       3
       4
       6
       5
       3
       8
       7
       6
       5
       3
       6
       1
       3
       5
       3
       6
       6
       2
       5
       2
       5
       6
       4
       2
      11
       2
       4
       6
       6
       6
       7
       4
       1
       4
       2
       7
       5
       5
       5
       9
      12
       3
       3
      11
       8
       0
       0
       6
       3
       6
       5
       8
       5
       5
       3
       6
       7
       8
       4
       4
       4
       4
       3
       7
       3
      12
       6
       9
       9
       5
       4
       9
       2
       7
       7
       2
       2
       4
       5
       8
       5
       6
       5
       4
       7
       6
       6
       8
      12
       4
       3
       7
       3
       8
       2
       8
       6
       2
       5
       8
       7
       6
       9
       3
       6
       5
       5
      12
       6
       5
       6
       4
       5
       2
       5
       3
       9
       4
       9
       2
       7
       6
       5
       4
       3
       2
       8
       2
       6
       1
       6
       2
       6
       4
       8
       1
       7
       5
       9
       4
       3
       3
       8
       5
       5
       3
       5
       6
       6
       4
       7
       6
       2
       4
       2
       3
       5
      10
       1
       8
       3
       9
       4
       2
       7
       3
       3
       7
       4
       4
       4
       4
       4
       8
       7
       2
       6
       5
       4
       0
      11
       2
       4
       1
       2
       4
       1
       3
       4
       2
       3
       3
       3
       2
       6
       4
       3
       2
       5
       7
       5
       3
       6
       5
       6
       4
       4
       1
       5
       7
       6
       6
       5
       4
       3
       5
       3
       6
       3
       3
       5
       7
       6
       5
       4
       6
       3
       5
       4
       2
       2
       3
       5
       4
       3
       3
       4
       6
       1
       2
       4
       5
       4
       6
       3
       1
       2
       0
       2
       4
       5
       3
       4
       7
       2
       2
       2
       2
       3
       3
       3
       3
       5
       2
       2
       5
       3
       1
       5
       5
       3
       1
       8
       4
       8
       2
       3
       4
       4
       5
       5
       3
       5
       6
       4
       2
       3
       3
       3
       8
       3
       1
       4
       2
       3
       5
       6
       5
       3
       6
       7
       6
       5
       2
      11
       1
       4
       4
       3
       5
       7
       3
       4
       6
       2
       7
       5
       2
       9
       4
       5
       3
       5
       5
       8
       3
       7
       9
       8
       2
       6
       9
       5
      11
       8
       7
       7
      10
       6
       9
       6
       4
      10
       6
       8
       8
       4
      15
       8
      11
      10
      11
       6
      10
       4
       4
      13
       6
      13
      11
       9
       6
       6
      14
       6
      12
      10
      10
       7
       7
       9
       5
       7
      11
       8
       6
       5
      14
      16
       6
       8
      10
      12
       4
       7
       8
       7
       8
       5
       9
       4
       5
       5
       2
       8
       5
       6
       3
       4
       4
       6
       1
       4
       6
       3
       3
       7
       4
       9
       6
       7
       4
       5
       4
       2
       2
       1
       1
       2
       3
       3
       3
       2
       8
       0
       0
       0
       3
       0
       0
       0
       2
       3
       4
       3
       2
       1
       2
       0
       4
       2
       0
       0
       2
       1
       5
       2
       1
       2
       5
       2
       2
       0
       1
       2
       1
       1
       0
       2
       1
       1
       0
       1
       1
       3
       1
       3
       0
       1
       0
       0
       0
       0
       3
       0
       3
       1
       1
       2
       1
       1
       0
       3
       1
       1
       0
       0
       2
       0
       1
       0
       1
       2
       0
       2
       0
       1
       1
       1
       2
       1
       2
       4
       1
       3
       2
       1
       3
       0
       2
       2
       1
       1
       3
       2
       1
       2
       1
       0
       2
       0
       1
       1
       1
       1
       3
       2
       1
       4
       2
       0
       0
       4
       1
       4
       4
       5
       3
       1
       2
       3
       2
       4
       1
       3
       2
       3
       3
       4
       1
       0
       2
       1
       1
       1
       4
       3
       1
       0
       2
       2
       2
       1
       1
       2
       3
       2
       0
       2
       2
       0
       1
       1
       0
       3
       2
       1
       1
       1
       0
       1
       1
       0
       1
       0
       1
       2
       1
       0
       2
       1
       1
       0
       1
       1
       0
       1
       0
       0
       2
       1
       1
       1
       1
       2
       0
       0
       0
       2
       1
       0
       0
       2
       2
       0
       2
       1
       1
       3
       0
       0
       0
       0
       0
       1
       2
       3
       3
       0
       2
       2
       1
       0
       1
       5
       3
       0
       1
       1
       0
       0
       0
       4
       1
       0
       1
       1
       2
       2
       0
       0
       0
       0
       0
       1
       1
       0
       0
       0
       0
       1
       1
       0
       0
       1
       0
       0
       1
       0
       1
       0
       0
       1
       0
       0
       0
       1
       0
       0
       1
       1
       1
       1
       0
       1
       0
       0
       0
       1
       0
       1
       0
       0
       1
       1
       1
       0
       1
       1
       0
       0
       0
       1
       0
       1
       0
       3
       0
       2
       0
       0
       0
       1
       1
       1
       0
       0
       0
       1
       0
       0
       2
       0
       1
       1
       0
       0
       0
       0
       1
       1
       0
       0
       1
       1
       0
       0
       0
       0
       2
       0
       1
       0
       1
       1
       1
       1
       0
       0
       0
       1
       2
       0
       1
       0
       1
       2
       2
       0
       1
       1
       0
       0
       1
       0
       0
       0
       0
       0
       1
       0
       1
       0
       0
       0
       2
       0
       0
       1
       0
       0
       1
       0
       1
       0
       0
       0
       0
       0
       0
       0
       0
       0
       2
       0
       0
       0
       0
       1
       0
       0
       0
       0
       0
       0
       0
       0
       2
       1
       1
       0
       0
       1
       1
       1
       0
       0
       1
       0
       1
       0
       0
       0
       0
       0
       0
       1
       1
       0
       0
       0
       1
       1
       1
       1
       0
       0
       1
       0
       1
       0
       0
       0
       1
       0
       1
       0
       3
       0
       1
       1
       1
       0
       1
       0
       0
       1
       1
       0
       0
       0
       0
       1
       0
       0
       0
       0
       0
       1
       0
       1
       0
       0
       0
       0
       1
       0
       0
       1
       1
       0
       0
       2
       0
       0
       1
       0
       0
       0
       0
       0
       2
       0
       1
       0
       1
       0
       0
       1
       0
       1
       0
       0
       0
       3
       1
       2
       1
       0
       1
       1
       1
       0
       0
       0
       2
       2
       0
       0
       2
       1
       2
       0
       0
       1
       1
       4
       0
       0
       3
       0
       0
       0
       2
       0
       0
       0
       1
       2
       0
       1
       0
       0
       1
       0
       1
       0
       0
       1
       0
       0
       0
       1
       0
       1
       0
       0
       0
       1
       0
       1
       0
       1
       0
       0
       1
       0
       0
       0
       1
       0
       0
       0
       0
       0
       0
       0
       0
       0
       0
       0
       0
       0
       0
       0
       0
       0
       0
       0
       0
       0
       0
       0
       0
       0
       0
       0
       0
       0
       0
       0
       0
       0
       0
       0
       0
       0
       0
       0
       0
       0
       0
       0
       0
       0
       0
       0
       0
       0
       0
       0
       0
       0
       0
       0
       0
       0
       0
       0
       0
       0
       0
       0
       0
       0
       0
       0
       0
       0
       0
       0
       0
       0
       0
       0
       0
       0
       0
       0
       0
       0
       0
       0
       0
       0
       0
       0
       0
       0
       0
$ROI:
2
10 10
279 331
$PRESETS:
None
0
0
$ENER_FIT:
0.000000 0.000000
$MCA_CAL:
3
0.000000E+000 0.000000E+000 0.000000E+000 
$SHAPE_CAL:
3
0.000000E+000 0.000000E+000 0.000000E+000
