$SPEC_ID:
Beryllilum 1 Calibration
$SPEC_REM:
DET# 1
DETDESC# SPL3-VDG-PC Easy-MCA-8k SN 15013759
AP# Maestro Version 7.01
$DATE_MEA:
10/12/2021 15:31:27
$MEAS_TIM:
606 607
$DATA:
0 2047
       0
       0
      29
   22152
   29087
   14964
   14342
    1095
      51
       1
       0
       0
       0
       0
       1
       0
       0
       0
       0
       0
       0
       0
       0
       0
       0
       1
       0
       0
       0
       0
       0
       0
       0
       0
       0
       0
       0
       0
       0
       0
       0
       0
       0
       0
       0
       0
       0
       0
       0
       0
       0
       0
       0
       0
       0
       0
       0
       0
       0
       0
       0
       0
       0
       0
       0
       0
       0
       0
       0
       0
       0
       0
       0
       0
       0
       0
       0
       0
       0
       0
       0
       0
       0
       0
       0
       0
       0
       0
       0
       0
       0
       0
       0
       0
       0
       0
       0
       0
       0
       0
       0
       0
       0
       0
       0
       0
       0
       0
       0
       0
       0
       0
       0
       0
       0
       0
       1
       0
       0
       0
       0
       0
       0
       0
       0
       0
       0
       0
       0
       0
       0
       0
       0
       0
       0
       0
       0
       0
       0
       0
       0
       0
       0
       0
       0
       0
       0
       0
       1
       0
       0
       0
       1
       0
       0
       0
       0
       0
       0
       0
       0
       0
       0
       0
       0
       0
       0
       0
       0
       0
       0
       0
       0
       0
       0
       0
       0
       0
       0
       0
       0
       0
       0
       0
       0
       0
       0
       0
       1
       0
       0
       0
       0
       0
       0
       0
       0
       0
       0
       0
       0
       0
       0
       0
       0
       0
       0
       0
       0
       0
       0
       0
       0
       0
       0
       1
       0
       0
       0
       0
       1
       0
       4
       1
       3
      13
      14
      24
      30
      41
      39
      54
      87
      80
      85
     119
     101
     105
     112
      87
      85
      89
      95
      99
     105
     107
     103
     103
     103
     106
      98
      98
     103
     111
     108
      89
      91
      93
      89
      88
      89
      88
      97
     106
      82
      88
      88
     100
     102
     108
      80
     104
      94
      87
      93
     118
      98
     102
     113
     114
     121
     101
     128
     105
     118
     116
     125
     137
     142
     153
     158
     152
     148
     188
     176
     165
     165
     190
     148
     178
     194
     172
     178
     149
     187
     162
     182
     178
     163
     152
     172
     173
     147
     148
     154
     143
     154
     122
     139
     121
     115
     126
     101
     118
      97
     104
      80
      95
      82
      74
      66
      80
      78
      74
      71
      75
      54
      69
      73
      96
      61
      56
      72
      65
      67
      49
      80
      61
      61
      70
      66
      56
      65
      52
      54
      51
      72
      46
      52
      69
      56
      56
      44
      62
      40
      64
      55
      48
      46
      38
      44
      73
      41
      50
      44
      44
      50
      36
      43
      41
      46
      40
      45
      39
      36
      34
      49
      43
      36
      36
      38
      39
      55
      40
      47
      41
      41
      40
      34
      35
      33
      42
      32
      41
      40
      38
      50
      37
      24
      30
      36
      31
      34
      51
      33
      32
      35
      28
      38
      31
      30
      34
      34
      38
      41
      31
      24
      23
      39
      40
      35
      39
      27
      39
      36
      40
      35
      34
      23
      49
      37
      31
      35
      35
      33
      44
      37
      20
      35
      31
      23
      29
      34
      28
      29
      36
      37
      23
      37
      27
      32
      28
      32
      24
      31
      34
      34
      24
      33
      30
      28
      24
      27
      24
      25
      31
      32
      26
      29
      30
      31
      25
      36
      31
      25
      35
      36
      30
      37
      24
      35
      29
      26
      31
      28
      30
      33
      26
      31
      26
      37
      21
      27
      27
      23
      28
      26
      34
      22
      31
      36
      20
      29
      22
      34
      27
      25
      32
      36
      34
      30
      34
      32
      20
      27
      26
      32
      25
      29
      36
      30
      30
      27
      28
      29
      27
      16
      25
      23
      36
      27
      31
      25
      22
      38
      32
      27
      23
      27
      26
      21
      40
      26
      40
      23
      29
      22
      35
      35
      24
      28
      27
      40
      28
      32
      33
      34
      27
      29
      21
      28
      31
      31
      19
      33
      31
      27
      25
      36
      28
      28
      23
      25
      21
      29
      28
      26
      19
      18
      36
      14
      23
      24
      25
      31
      24
      20
      30
      18
      12
      24
      23
      18
      34
      24
      23
      20
      19
      13
      20
      16
      23
      23
      26
      16
      24
      29
      25
      18
      31
      22
      18
      23
      21
      21
      20
      24
      24
      26
      22
      22
      23
      19
      20
      27
      25
      23
      19
      18
      18
      21
      22
      28
      31
      29
      23
      11
      17
      15
      18
      16
      20
      12
      22
      28
      24
      19
      23
      25
      19
      25
      22
      18
      22
      27
      24
      33
      24
      19
      20
      10
      25
      16
      24
      18
      23
      20
      24
      14
      23
      28
      18
      17
      22
      11
      15
      13
      26
      19
      20
      16
      18
      21
      18
      21
      21
      17
      19
      25
      15
      19
      19
      23
      21
      15
      24
      13
      20
      19
      21
      19
      22
      13
      10
      19
      16
       9
      18
      14
      18
      25
      10
      16
       5
      15
      14
      15
      20
      21
      25
      16
      20
      24
      16
      22
      10
      19
      18
      17
      25
      20
      16
      12
      18
      17
      16
      22
      17
      15
      13
      18
      12
      13
      18
      12
      13
      23
      21
      16
      15
      19
      17
      13
      15
      16
      13
       8
      17
      13
      16
      18
      16
      21
      13
      19
      16
      16
      17
      15
      13
      19
      15
      12
      22
      18
      10
      21
      12
      17
      16
      13
      17
      18
      15
      21
      19
      11
      17
      15
      17
      17
      17
      17
      11
      16
      21
      14
      18
      20
      18
      21
      15
      21
      14
      22
      13
      20
      21
      23
      15
      26
      20
      30
      22
      22
      22
      29
      28
      30
      23
      20
      29
      20
      27
      28
      22
      22
      25
      20
      33
      22
      30
      32
      34
      22
      26
      28
      26
      40
      25
      16
      31
      23
      33
      24
      33
      31
      30
      16
      41
      35
      33
      30
      19
      19
      34
      19
      24
      26
      27
      21
      30
      35
      24
      24
      33
      30
      29
      23
      26
      23
      22
      12
      22
      35
      24
      20
      21
      12
      16
      22
      25
      30
      17
      18
      23
      21
      18
      23
      18
      20
      28
      16
      15
      14
      15
      12
      20
       9
      15
      14
       9
      21
      17
      17
      19
      19
      16
       9
      16
      16
      13
      16
       8
      14
      15
      10
      15
       3
      14
      16
      11
      13
      18
      14
      16
      12
      10
      11
      10
       7
      13
      12
      14
      12
      11
      12
      11
      10
      15
       9
      15
       8
      10
      13
       8
      11
      15
      11
       4
      16
       8
       7
      10
      14
      13
       9
       9
       7
      12
      10
       6
       6
       8
       8
      12
       8
      13
       7
      12
      10
      10
       7
      13
      10
      14
       8
      11
      13
      12
      12
      10
      11
      17
      17
      13
       9
      11
      10
      11
      10
       8
      14
      12
      13
      11
      15
       4
       8
      10
       7
      17
      11
       6
      10
      10
      12
       6
      17
       7
      15
       9
      12
      14
      12
       8
      10
      12
      14
       4
      10
       8
      11
      12
      16
      13
      11
      16
       8
      11
      20
      15
      15
      11
      10
      14
      13
      17
       9
      16
      10
      12
      11
      16
      11
      11
       8
       9
      20
      13
      12
       9
      15
      11
      15
       8
      10
      13
      14
      12
      11
      17
      16
      16
      11
      12
       8
      15
      18
      10
      14
      18
       9
      12
      10
       9
      12
       8
      11
      15
      13
       3
       8
      17
       7
       8
      13
      12
       7
      12
      13
      12
      14
      11
       9
       7
       6
      13
      14
      10
      19
       9
      12
       7
      15
      16
       6
      15
      12
      14
      10
      11
      12
      10
       7
      10
      12
      12
      14
       9
       8
      10
      14
      15
      12
      13
      10
       7
       9
      13
      17
      12
       8
      10
      11
       7
       9
      10
       5
      10
       5
      10
       6
       7
       9
      10
      12
       9
      19
       5
      11
      11
       8
      14
      16
      15
       9
       5
      11
       2
      10
       8
      11
       9
       6
      10
       7
      16
      11
      10
       7
      12
       8
      10
      13
       9
       9
       9
      12
       7
       8
      11
      13
       9
      15
       8
       8
      10
      12
       9
       5
       8
      13
      10
       7
       7
       8
      13
      13
       9
       5
      18
       5
       8
      14
       9
      14
       8
       4
      11
       5
      10
      10
       8
       5
      11
       8
       6
       9
       8
       7
       6
       4
       8
      10
       5
      11
       7
       5
      13
       9
       8
       9
       8
      11
      12
       7
       2
       7
       6
       6
       7
       6
       7
       5
      10
       4
       7
      10
       6
       9
      11
       5
       9
      10
       7
       5
       4
       6
       8
       8
       8
       8
      10
       6
       6
       7
       7
       7
       3
      12
       5
       4
       8
      12
       4
       5
      10
       7
       8
       7
       7
       8
       9
       5
      16
      11
      10
      11
       6
       9
      10
      15
      16
      11
      18
      10
      13
      10
       9
      18
       8
      17
      19
      15
      20
      10
      10
      16
      17
      13
      10
      11
      12
      14
      21
      15
      15
      11
      11
      15
      22
      18
       9
      19
      21
      15
      19
      19
      21
      23
      14
      21
      19
      24
      21
      24
      30
      19
      25
      22
      20
      20
      19
      18
      20
      21
      22
      13
      24
      24
      13
      25
      13
      18
      17
      25
      19
      15
      23
      21
      21
      22
      18
      24
      17
      18
      19
      15
      24
      15
      15
      19
      16
      13
      14
      26
      19
      14
      15
      20
      15
      13
      19
      18
      14
      21
      10
      12
      14
       7
      13
      11
      14
       6
      12
       6
      13
       8
       5
      11
       6
      13
       3
      12
      10
       6
       5
      12
       8
       9
       7
       2
       5
      15
      10
       8
       2
       2
       2
       4
       6
       6
       6
       2
       2
       7
       5
       5
       3
       3
       3
       1
       3
       5
       4
       2
       7
       5
       3
       3
       1
       3
       0
       5
       2
       1
       2
       4
       7
       1
       4
       2
       2
       4
       4
       3
       3
       3
       3
       2
       4
       4
       4
       3
       3
       1
       1
       4
       4
       4
       4
       2
       3
       3
       4
       0
       1
       4
       2
       2
       5
       1
       3
       3
       5
       0
       3
       4
       4
       4
       3
       4
       5
       3
       2
       3
       5
       0
       4
       3
       4
       3
       1
       2
       5
       2
       1
       4
       4
       4
       2
       6
       2
       2
       1
       2
       7
       2
       2
       2
       1
       4
       1
       3
       2
       3
       3
       1
       0
       4
       0
       2
       2
       0
       5
       2
       1
       3
       1
       5
       2
       3
       1
       3
       7
       5
       3
       3
       5
       1
       2
       1
       2
       1
       3
       4
       1
       0
       3
       3
       1
       5
       1
       1
       3
       2
       1
       2
       2
       3
       4
       1
       3
       2
       2
       0
       2
       0
       2
       1
       2
       0
       2
       1
       0
       2
       0
       1
       1
       0
       0
       1
       0
       2
       1
       2
       0
       0
       0
       1
       1
       0
       0
       0
       0
       0
       1
       2
       1
       2
       1
       1
       2
       0
       2
       0
       3
       0
       0
       1
       0
       0
       1
       1
       1
       2
       0
       3
       0
       0
       0
       1
       0
       1
       1
       0
       1
       1
       0
       1
       0
       1
       1
       0
       0
       0
       1
       0
       0
       0
       0
       1
       3
       1
       0
       0
       0
       0
       0
       2
       1
       0
       1
       1
       1
       1
       0
       0
       0
       0
       1
       0
       0
       2
       1
       0
       0
       0
       0
       1
       0
       0
       1
       0
       0
       1
       0
       0
       3
       0
       1
       0
       0
       0
       1
       0
       0
       0
       0
       0
       0
       1
       0
       0
       0
       0
       0
       2
       0
       0
       0
       2
       0
       0
       0
       0
       0
       0
       0
       0
       0
       1
       0
       0
       0
       0
       0
       0
       0
       0
       0
       0
       0
       0
       0
       0
       0
       0
       0
       0
       1
       1
       0
       0
       0
       0
       1
       1
       0
       1
       1
       0
       0
       0
       0
       0
       0
       1
       0
       0
       0
       1
       0
       1
       0
       0
       0
       0
       1
       0
       0
       1
       0
       1
       0
       0
       0
       2
       0
       0
       0
       0
       0
       0
       1
       0
       0
       0
       0
       1
       1
       0
       0
       0
       0
       1
       0
       0
       0
       0
       1
       0
       0
       0
       0
       0
       0
       1
       1
       0
       3
       0
       1
       1
       1
       0
       0
       0
       0
       0
       0
       0
       0
       1
       0
       1
       0
       0
       0
       0
       0
       1
       1
       2
       0
       0
       0
       0
       0
       0
       0
       1
       2
       0
       1
       0
       1
       2
       1
       0
       1
       0
       1
       1
       0
       0
       0
       0
       0
       0
       0
       0
       2
       0
       0
       1
       0
       0
       1
       0
       1
       1
       0
       1
       0
       1
       2
       1
       0
       1
       0
       0
       1
       0
       0
       1
       0
       1
       0
       0
       0
       0
       0
       1
       0
       0
       0
       0
       1
       1
       1
       0
       1
       0
       0
       0
       0
       0
       0
       0
       0
       0
       0
       0
       0
       2
       0
       0
       1
       1
       0
       0
       0
       0
       1
       1
       0
       0
       0
       1
       1
       0
       1
       0
       0
       1
       0
       1
       0
       0
       0
       0
       0
       0
       0
       0
       0
       0
       0
       0
       0
       0
       0
       0
       0
       0
       0
       0
       0
       0
       0
       0
       0
       0
       0
       0
       0
       0
       0
       0
       0
       0
       0
       0
       0
       0
       0
       0
       0
       0
       0
       0
       0
       0
       0
       0
       0
       0
       0
       0
       0
       0
       0
       0
       0
       0
       0
       0
       0
       0
       0
       0
       0
       0
       0
       0
       0
       0
       0
       0
       0
       0
       0
       0
       0
       0
       0
       0
       0
       0
       0
       0
       0
       0
       0
       0
       0
       0
       0
       0
       0
       0
       0
       0
       0
       0
       0
$ROI:
2
10 10
279 331
$PRESETS:
None
0
0
$ENER_FIT:
0.000000 0.000000
$MCA_CAL:
3
0.000000E+000 0.000000E+000 0.000000E+000 
$SHAPE_CAL:
3
0.000000E+000 0.000000E+000 0.000000E+000
