$SPEC_ID:
Beryllilum 1 Calibration
$SPEC_REM:
DET# 1
DETDESC# SPL3-VDG-PC Easy-MCA-8k SN 15013759
AP# Maestro Version 7.01
$DATE_MEA:
10/07/2021 16:26:21
$MEAS_TIM:
1175 1182
$DATA:
0 2047
       0
       0
    2851
   65157
   99177
   76402
   72157
    3022
     131
       2
       1
       1
       1
       1
       1
       0
       0
       0
       0
       1
       1
       0
       1
       0
       1
       1
       0
       1
       1
       0
       1
       0
       1
       0
       0
       0
       0
       0
       1
       0
       0
       1
       0
       0
       0
       0
       0
       0
       1
       0
       0
       1
       0
       0
       1
       0
       0
       0
       0
       0
       0
       2
       0
       0
       0
       0
       0
       0
       0
       0
       0
       0
       0
       0
       0
       0
       0
       0
       0
       0
       0
       0
       0
       0
       0
       0
       0
       0
       0
       0
       0
       0
       0
       0
       0
       0
       0
       0
       0
       0
       0
       0
       0
       0
       0
       0
       0
       0
       0
       0
       0
       0
       0
       0
       1
       0
       0
       0
       1
       0
       0
       0
       0
       0
       0
       0
       0
       1
       1
       0
       1
       0
       0
       1
       0
       0
       0
       0
       0
       0
       0
       0
       0
       1
       1
       0
       0
       0
       0
       0
       0
       0
       0
       0
       0
       0
       0
       1
       0
       0
       1
       0
       1
       0
       0
       1
       0
       0
       1
       0
       1
       0
       1
       0
       0
       0
       0
       0
       0
       0
       0
       0
       0
       0
       0
       0
       0
       0
       0
       0
       1
       1
       0
       0
       0
       1
       0
       0
       0
       0
       0
       0
       0
       0
       0
       0
       0
       0
       0
       0
       1
       0
       0
       1
       0
       0
       0
       0
       0
       0
       0
       0
       2
       1
       0
       2
       6
       2
      15
      13
      14
      27
      47
      24
      45
      49
      54
      75
      60
      72
      77
      85
      75
      88
      68
      62
      77
      67
      87
      56
      73
      67
      70
      67
      65
      72
      60
      66
      71
      79
      68
      64
      67
      69
      64
      65
      66
      73
      79
      67
      64
      61
      87
      64
      78
      77
      88
      79
      75
     101
     105
      80
      93
      94
     103
     104
     120
     121
     144
     150
     155
     162
     136
     172
     160
     181
     163
     178
     192
     193
     203
     178
     216
     217
     217
     253
     230
     212
     228
     228
     236
     227
     224
     198
     191
     199
     176
     173
     201
     192
     180
     160
     165
     149
     145
     145
     103
     113
     121
      97
      94
      96
      76
      87
      73
      72
      53
      71
      66
      49
      69
      45
      60
      52
      67
      46
      66
      37
      61
      29
      44
      44
      49
      42
      49
      51
      44
      36
      50
      53
      45
      56
      33
      45
      49
      47
      44
      45
      42
      30
      32
      44
      41
      34
      44
      31
      36
      35
      26
      35
      37
      40
      35
      41
      23
      27
      39
      29
      28
      24
      36
      33
      38
      29
      31
      31
      33
      28
      35
      34
      26
      31
      31
      24
      23
      30
      42
      28
      30
      24
      20
      24
      33
      29
      24
      35
      31
      32
      32
      31
      35
      29
      19
      28
      38
      23
      33
      22
      20
      27
      26
      29
      26
      24
      32
      30
      25
      25
      31
      29
      24
      22
      12
      25
      29
      26
      23
      25
      19
      22
      32
      29
      24
      22
      28
      19
      18
      28
      12
      22
      22
      19
      26
      36
      28
      25
      19
      26
      25
      29
      28
      20
      31
      17
      17
      18
      25
      15
      26
      24
      15
      23
      31
      17
      22
      17
      20
      22
      22
      18
      17
      17
      22
      21
      18
      17
      23
      16
      23
      26
      26
      14
      19
      21
      19
      20
      18
      20
      23
      17
      18
      24
      21
      25
      20
      16
      18
      21
      24
      22
      23
      20
      19
      24
      25
      26
      23
      16
      22
      15
      23
      19
      14
      20
      18
      19
      15
      23
      17
      17
      28
      24
      17
      24
      18
      24
      26
      22
      30
      17
      26
      25
      16
      27
      34
      21
      18
      25
      24
      16
      23
      28
      20
      24
      15
      22
      22
      22
      27
      21
      28
      23
      18
      17
      19
      19
      15
      23
      20
      29
      15
      20
      21
      17
      27
      19
      19
      19
      27
      32
      13
      14
      22
      19
      23
      13
      30
      19
      11
      19
      23
      16
      18
      16
      15
      12
      25
      17
      11
      17
      14
      20
      17
      12
      22
      15
      15
      14
      12
      18
      17
      18
      16
      14
      21
      18
      11
      20
      16
      16
      19
      14
      10
      14
      17
      18
      18
      18
      18
      16
      15
      19
      14
      15
      16
      11
      13
      17
      19
      17
      17
      11
      16
      19
       9
      20
      21
       9
      13
      17
      14
      16
       9
      18
      16
      14
      15
      14
      10
      23
      21
      18
      14
      14
       9
      13
      15
      16
      15
      15
      15
      12
      10
      10
      21
      13
      22
      15
       9
      16
       9
      15
      18
      16
      16
      13
      10
      18
      12
      19
      16
      14
      12
      15
      15
       9
      18
       9
      19
      21
       9
      15
      10
      13
       9
      23
      16
      19
       8
       9
      15
      18
      13
      12
      12
      12
      14
      12
      17
       8
      18
       5
      19
      13
      14
       8
      10
      15
      10
      21
      16
      14
      12
      12
      12
      16
      18
      23
      20
      11
      13
      10
       8
       7
      11
       8
       4
      10
      14
      10
      14
      19
      13
      10
      11
      11
       8
       9
      17
      13
      14
       6
      15
      16
      16
      12
       7
      20
      17
       5
      10
      22
      16
      13
      14
      16
      10
      17
      16
      17
       7
      10
       6
      11
      17
      12
       5
      15
      15
      11
       8
      10
      15
       8
      13
      13
      13
      14
      16
      12
      18
      12
      10
      11
      13
      12
       8
      13
      12
      10
      15
      14
      15
      16
      15
      18
       9
      16
      11
      18
      12
      17
      14
      15
      21
      19
      18
      24
      15
      19
      20
      22
      15
      22
      20
      14
      18
      29
      25
      20
      23
      18
      18
      25
      13
      23
      22
      25
      19
      28
      31
      15
      19
      24
      26
      30
      10
      21
      24
      20
      29
      21
      25
      30
      22
      22
      23
      27
      11
      25
      25
      17
      30
      16
      29
      21
      13
      18
      13
      21
      29
       9
      25
      22
      14
      18
      23
      12
      16
      12
      22
      11
      13
      14
      15
      19
      11
       9
      18
      11
      14
      17
      10
      14
      16
      14
      11
       8
      15
       7
      13
      11
      10
       6
      18
      14
      10
      11
      13
       7
      10
      10
      11
       7
       7
      12
       6
      12
       8
      11
      12
       9
       7
      11
       5
       9
       6
       9
       7
      10
       6
       7
      14
      10
       9
       4
       9
       6
       4
       9
       7
       9
       6
       3
      11
      15
       4
      10
      12
      12
      11
       7
       0
      11
       7
       8
       8
      13
       8
       7
       8
      10
       6
      10
      12
      10
      10
       5
       2
       5
       7
      14
      10
       6
       3
       7
       7
       7
       5
       9
       9
       9
       6
       6
       5
       8
       7
      11
      14
      11
       9
       9
       4
      10
      11
       7
       8
      14
       9
       7
       7
      11
       6
      11
       8
      14
       9
       8
       6
      10
      11
       9
      17
       2
      12
      10
      10
      13
       9
      15
      12
       8
      13
      10
      15
      13
       7
      14
      16
      11
      15
      16
      16
      11
      11
       6
      13
      11
      12
       3
      12
      17
      14
      11
      11
       9
      12
      15
       7
      21
      12
      21
      11
      13
      16
      16
      17
       9
      15
      10
      16
      11
      11
      12
      11
       9
      16
      17
      10
       6
      15
      11
       9
      18
      10
      11
      11
      14
      12
      11
      11
       8
       9
      10
       7
      14
       8
      12
       7
       6
      10
       4
       7
       8
      15
       6
       2
       9
      12
       9
       6
      10
      10
       4
       5
      10
      10
      14
      11
      10
       7
       8
       8
       9
       7
       8
       7
      13
       8
      10
       5
       9
      11
      10
       8
      11
       3
      10
      11
       4
      14
       7
       5
       8
       6
       8
       9
      12
       8
       8
       5
       7
      11
      12
       4
       5
       5
       8
       7
       8
       8
       7
       5
       8
       8
       5
       7
      12
       4
       4
       6
       4
       2
       6
       5
       8
       5
      14
       6
       7
       6
       8
      10
       9
       9
      11
       6
      10
       9
       4
       3
       8
      11
       4
       9
       8
       7
       6
       9
       8
      10
       5
       6
       8
       9
       5
       7
       3
      11
       8
       4
       4
      17
      11
      11
       5
       2
       4
       9
       6
       6
       3
       8
      10
       9
       6
      13
       6
       5
       5
      11
      14
      10
       8
       8
       8
       9
       6
       4
       8
       4
       6
       9
       7
       6
       3
       7
       6
       6
       4
       8
       8
       8
      11
       9
       6
       8
       7
       6
       5
       8
      10
       3
       6
      12
       5
       5
       8
       5
       7
       5
       3
       2
       2
       8
       7
       3
       3
       7
       9
       4
       4
       6
       5
       5
       3
       3
       6
       6
       2
       5
       3
       4
       4
       7
       6
       8
      10
       2
       9
       9
       6
       4
       7
       7
       6
       5
       5
      11
      10
       6
       7
      12
       5
       7
       5
      13
      12
       2
       9
      12
       5
      15
      10
      11
      10
       8
       6
      10
      15
      17
      13
      14
      10
      15
      14
      15
      10
      15
      12
       9
      13
      13
      11
      10
      11
      12
      12
      15
      16
      13
      19
      10
      22
      18
      19
      16
      15
       9
      17
      13
      19
      19
      19
      16
      18
      25
      16
      12
      14
      10
      22
      17
      19
      18
      18
      14
      14
      10
      16
      13
      13
      12
      11
      12
      20
      15
      17
      10
      19
      14
      11
      16
      17
      12
      13
      12
      16
      17
       9
      11
      12
       8
      10
      16
      10
      13
      14
       7
       6
      10
      13
      19
      12
       4
       5
      11
       9
      13
       7
       7
       4
      12
       5
       5
       9
       4
       5
       6
       6
       5
       6
       8
       4
       5
       7
       6
       3
       2
       2
       5
       5
       2
       6
       2
       6
       6
       3
       4
       8
       4
       3
       2
       7
       1
       4
       6
       6
       4
       3
       4
       6
       3
       3
       5
       2
       3
       1
       3
       3
       4
       7
       4
       4
       3
       1
       1
       3
       5
       6
       6
       3
       2
       2
       2
       5
       4
       3
       2
       4
       3
       5
       1
       1
       2
       3
       6
       5
       5
       1
       4
       7
       3
       3
       5
       4
       5
       6
       2
       2
       4
       5
       1
       6
       5
       4
       5
       4
       2
       2
       7
       4
       2
       2
       1
       2
       1
       3
       5
       3
       6
       4
       5
       3
       1
       4
       3
       5
       7
      11
       0
       3
       5
       5
       5
       4
       4
       3
       4
       2
       5
       2
       7
       2
       2
       4
       0
       7
       5
       3
       7
       3
       1
       2
       0
       2
       2
       2
       4
       4
       5
       5
       2
       1
       1
       1
       2
       3
       4
       2
       4
       1
      10
       3
       0
       4
       1
       4
       2
       2
       3
       3
       2
       2
       1
       0
       5
       2
       5
       2
       3
       0
       2
       1
       5
       1
       1
       1
       0
       0
       2
       2
       1
       1
       2
       2
       2
       1
       6
       3
       4
       1
       2
       3
       2
       2
       4
       2
       3
       5
       2
       3
       1
       1
       3
       2
       1
       3
       2
       2
       2
       4
       2
       3
       1
       3
       2
       2
       0
       1
       3
       3
       2
       3
       4
       4
       5
       2
       2
       2
       3
       2
       3
       3
       1
       6
       4
       3
       4
       6
       5
       1
       5
       1
       2
       3
       5
       0
       5
       5
       3
       0
       3
       4
       5
       3
       2
       2
       1
       1
       2
       5
       5
       4
       3
       6
       3
       3
       3
       3
       3
       3
       2
       4
       2
       3
       5
       2
       1
       4
       6
       2
       2
       3
       2
       1
       1
       0
       2
       0
       3
       2
       2
       2
       2
       3
       3
       2
       1
       2
       0
       6
       2
       2
       2
       2
       2
       1
       2
       2
       1
       1
       1
       1
       1
       6
       0
       1
       2
       1
       3
       0
       0
       2
       6
       3
       2
       2
       3
       0
       0
       0
       2
       0
       0
       3
       3
       0
       0
       0
       3
       2
       0
       0
       3
       0
       2
       2
       3
       1
       1
       0
       2
       1
       2
       1
       0
       3
       3
       3
       0
       1
       2
       0
       1
       1
       1
       1
       1
       1
       2
       0
       1
       3
       2
       0
       1
       1
       1
       0
       1
       1
       2
       4
       2
       1
       2
       1
       2
       0
       2
       1
       4
       1
       4
       3
       0
       1
       1
       2
       2
       2
       0
       2
       3
       3
       1
       0
       3
       1
       0
       0
       0
       3
       1
       2
       0
       1
       1
       1
       1
       2
       1
       3
       3
       1
       2
       1
       1
       2
       3
       2
       3
       0
       1
       2
       0
       3
       0
       2
       0
       0
       5
       1
       1
       1
       1
       1
       2
       1
       3
       1
       1
       5
       3
       2
       3
       4
       0
       2
       0
       3
       2
       0
       1
       1
       2
       3
       1
       2
       1
       0
       2
       0
       3
       2
       0
       1
       0
       0
       1
       2
       2
       0
       1
       3
       0
       1
       0
       0
       3
       2
       2
       2
       2
       1
       0
       4
       1
       2
       0
       0
       0
       4
       2
       1
       0
       1
       3
       1
       0
       5
       0
       2
       0
       0
       2
       0
       1
       0
       0
       0
       0
       0
       0
       0
       0
       0
       0
       0
       0
       0
       0
       0
       0
       0
       0
       0
       0
       0
       0
       0
       0
       0
       0
       0
       0
       0
       0
       0
       0
       0
       0
       0
       0
       0
       0
       0
       0
       0
       0
       0
       0
       0
       0
       0
       0
       0
       0
       0
       0
       0
       0
       0
       0
       0
       0
       0
       0
       0
       0
       0
       0
       0
       0
       0
       0
       0
       0
       0
       0
       0
       0
       0
       0
       0
       0
       0
       0
       0
       0
       0
       0
       0
       0
       0
       0
       0
$ROI:
1
10 10
$PRESETS:
Live Time
600000
0
$ENER_FIT:
0.000000 0.000000
$MCA_CAL:
3
0.000000E+000 0.000000E+000 0.000000E+000 
$SHAPE_CAL:
3
0.000000E+000 0.000000E+000 0.000000E+000
