$SPEC_ID:
Beryllilum 1 Calibration
$SPEC_REM:
DET# 1
DETDESC# SPL3-VDG-PC Easy-MCA-8k SN 15013759
AP# Maestro Version 7.01
$DATE_MEA:
10/07/2021 16:19:40
$MEAS_TIM:
377 378
$DATA:
0 2047
       0
       0
    3024
   57757
   77687
   46772
   39529
    1536
      55
       2
       2
       0
       1
       0
       0
       0
       0
       0
       0
       0
       0
       1
       0
       0
       0
       0
       0
       0
       0
       1
       0
       0
       0
       1
       1
       0
       0
       0
       0
       0
       0
       0
       0
       0
       0
       0
       0
       1
       0
       0
       2
       1
       0
       0
       1
       0
       0
       0
       0
       0
       0
       0
       0
       0
       1
       0
       0
       0
       0
       0
       0
       0
       1
       0
       0
       0
       0
       0
       0
       0
       0
       0
       0
       0
       0
       0
       0
       0
       1
       0
       0
       0
       0
       0
       0
       0
       0
       0
       1
       1
       0
       0
       0
       0
       0
       0
       0
       0
       0
       1
       0
       0
       0
       0
       0
       0
       0
       0
       0
       0
       1
       0
       0
       1
       0
       1
       0
       0
       0
       0
       0
       0
       0
       1
       0
       0
       0
       0
       1
       0
       0
       0
       0
       0
       0
       0
       0
       0
       0
       0
       0
       0
       0
       0
       0
       0
       0
       0
       0
       1
       0
       0
       0
       0
       0
       0
       0
       1
       0
       0
       0
       0
       0
       0
       0
       0
       0
       0
       0
       0
       0
       0
       0
       0
       0
       1
       0
       0
       1
       0
       0
       0
       0
       0
       1
       0
       0
       0
       0
       0
       0
       0
       0
       1
       0
       1
       0
       0
       0
       0
       0
       0
       0
       0
       0
       0
       0
       0
       1
       0
       2
       1
       1
       1
       4
       6
      15
      12
      12
      22
      26
      32
      51
      49
      79
      67
      76
      77
      96
     114
      96
     110
      81
     121
     107
      92
      98
      97
      96
      94
     110
     115
     100
      99
     108
      96
      81
     101
      98
      96
     106
     103
     106
     111
     101
      82
     104
      98
     111
     105
     118
     102
     132
     118
     135
     126
     113
     143
     136
     156
     147
     164
     174
     192
     208
     197
     260
     229
     257
     275
     255
     294
     290
     325
     343
     374
     372
     420
     401
     406
     419
     414
     420
     462
     444
     490
     429
     451
     429
     446
     429
     464
     413
     431
     397
     401
     380
     367
     341
     361
     331
     308
     272
     261
     247
     232
     224
     215
     205
     183
     147
     153
     142
     138
     107
     118
     104
      96
      98
      94
      90
      88
      89
      79
      74
      77
      63
      69
      70
      68
      82
      71
      70
      68
      75
      49
      58
      62
      56
      59
      48
      51
      63
      59
      60
      35
      66
      58
      47
      40
      54
      53
      50
      58
      50
      63
      55
      43
      59
      59
      39
      55
      51
      46
      49
      43
      55
      56
      49
      51
      42
      43
      45
      54
      36
      40
      46
      33
      41
      32
      31
      30
      41
      54
      33
      31
      55
      40
      38
      43
      37
      28
      33
      39
      48
      32
      42
      37
      38
      34
      41
      34
      33
      37
      45
      35
      52
      39
      37
      42
      30
      34
      39
      41
      30
      38
      35
      28
      26
      26
      34
      49
      29
      36
      24
      39
      24
      28
      22
      24
      37
      21
      30
      30
      23
      32
      31
      47
      29
      35
      22
      36
      42
      32
      33
      26
      24
      35
      36
      20
      33
      34
      35
      30
      27
      23
      35
      25
      23
      33
      33
      24
      29
      30
      33
      36
      23
      30
      35
      33
      30
      30
      16
      23
      22
      23
      20
      30
      22
      28
      26
      33
      36
      27
      33
      21
      18
      20
      36
      31
      43
      29
      24
      28
      34
      17
      23
      24
      27
      33
      35
      29
      33
      28
      22
      17
      23
      31
      23
      31
      31
      34
      38
      17
      20
      30
      34
      19
      18
      24
      37
      23
      35
      30
      35
      22
      17
      19
      22
      29
      31
      28
      12
      40
      28
      34
      24
      20
      22
      28
      33
      29
      17
      27
      33
      21
      34
      27
      34
      21
      19
      22
      19
      24
      27
      27
      38
      29
      33
      23
      21
      27
      19
      27
      26
      32
      28
      20
      16
      31
      32
      23
      25
      28
      22
      30
      19
      24
      25
      29
      26
      29
      24
      28
      20
      22
      22
      18
      23
      23
      14
      23
      23
      19
      22
      25
      28
      25
      14
      17
      17
      21
      20
      23
      25
      35
      19
      15
      27
      13
      28
      15
      31
      17
      27
      24
      17
      22
      25
      18
      29
      23
      30
      28
      28
      23
      17
      20
      18
      29
       8
      17
      27
      23
      31
      24
      24
      26
      21
      22
      20
      21
      17
      26
      22
      21
      22
      20
      13
      28
      13
      25
      19
      27
      28
      28
      32
      20
      27
      20
      22
      17
      20
      31
      26
      20
      21
      23
      21
      22
      25
      18
      15
      18
      16
      14
      17
      19
      12
      25
      18
      21
      26
      27
      21
      17
      14
      28
      17
      25
      14
      32
      20
      23
      19
      16
      20
      21
      23
      16
      17
      23
      14
      24
      17
      22
      15
      15
      19
      22
      24
      16
      17
      19
      21
      19
      15
      23
      22
      12
      19
      27
      21
      18
      22
      24
      21
      14
      20
      24
      17
      25
      18
      27
      26
      29
      28
      25
      28
      20
      19
      20
      27
      22
      17
      23
      16
      21
      25
      23
      26
      18
      19
      26
      20
      20
      16
      26
      12
      13
      19
      25
      31
      17
      20
      28
      24
      19
      19
      29
      19
      30
      24
      20
      31
      13
      23
      20
      15
      30
      19
      23
      21
      25
      35
      21
      17
      29
      19
      21
      16
      28
      19
      24
      28
      23
      26
      23
      25
      23
      23
      32
      25
      27
      20
      26
      15
      24
      19
      29
      23
      24
      26
      27
      15
      36
      31
      25
      31
      34
      27
      26
      33
      25
      26
      21
      33
      26
      30
      28
      26
      36
      28
      35
      36
      28
      38
      21
      30
      26
      25
      21
      31
      32
      23
      32
      32
      26
      36
      19
      23
      29
      33
      36
      32
      27
      25
      34
      28
      38
      30
      28
      30
      33
      21
      32
      22
      21
      31
      25
      32
      24
      18
      21
      21
      24
      22
      28
      30
      29
      27
      24
      30
      20
      20
      25
      20
      25
      23
      20
      25
      25
      25
      15
      18
      24
      16
      26
      31
      19
      24
      23
      28
      17
      21
      14
      19
      16
      12
      21
      16
      29
      22
      19
      15
      14
      16
      22
      19
      23
      13
      23
      17
      20
      20
      18
      16
      17
      19
      14
      24
      19
      18
      22
      16
      21
      19
      16
      18
      20
      16
      19
      24
      21
      21
      25
      24
      20
       7
      16
      13
      17
      18
      12
      15
      16
      14
      21
      15
      15
      18
      17
      17
      18
      19
      19
      15
      23
      16
      16
      20
      21
      14
      18
      18
      21
      17
      10
      19
      16
      17
      13
      25
      26
      14
      25
      26
      22
      36
      21
      12
      17
      19
      18
      15
      18
      21
      27
      25
      17
      17
      20
      23
      10
      19
      24
      17
      17
      30
      16
      17
      20
      17
      23
      27
      23
      17
      18
      24
      26
      18
      25
      23
      17
      11
      25
      25
      25
      19
      23
      23
      24
      30
      26
      24
      28
      19
      18
      26
      24
      23
      22
      28
      15
      27
      23
      27
      23
      27
      32
      19
      30
      27
      20
      27
      21
      34
      24
      33
      24
      20
      35
      27
      23
      29
      33
      47
      33
      31
      22
      28
      32
      33
      32
      37
      44
      23
      37
      24
      32
      29
      33
      25
      36
      32
      21
      28
      39
      35
      30
      30
      27
      28
      34
      30
      29
      38
      37
      27
      28
      31
      33
      21
      25
      27
      23
      22
      18
      20
      31
      24
      20
      24
      33
      21
      31
      24
      22
      33
      15
      28
      13
      18
      30
      18
      22
      20
      16
      29
      38
      16
      18
      24
      27
      20
      19
      24
      19
      25
      24
      21
      21
      22
      18
      24
      16
      24
      24
      21
      18
      20
      27
      17
      17
      31
      17
      18
      23
      21
      20
      18
      23
      21
      20
      19
      17
      21
      17
      18
      27
      24
      15
      24
      30
      21
      19
      20
      16
      29
      32
      22
      24
      17
      25
      20
      24
      17
      15
      18
      25
      15
      24
      18
      17
      19
      18
      23
      19
      16
      29
      19
      22
      23
      21
      12
      18
      15
      15
      21
      19
      19
      12
      18
      23
      21
      28
      19
      15
      19
      17
      16
      15
      25
      15
      17
      15
      18
      19
      19
      11
      13
      11
      12
      16
      21
      15
      14
      11
      16
      15
       7
      15
      17
      21
      14
      11
      21
      16
      19
      17
      15
      15
      18
      14
      15
      14
      16
      19
      21
      16
      16
      14
      15
      14
       7
      11
      11
      14
      12
      12
      16
       6
       8
      11
      10
       7
      18
      12
       9
       7
      13
      13
       9
       8
      10
      12
       7
      12
      11
      10
      13
      18
      14
      12
      21
       8
      16
      14
      15
       7
      15
      14
      13
      22
      16
      15
      12
      13
      17
      16
      20
      16
      18
      16
      25
      22
      19
      16
      27
      22
      19
      28
      26
      26
      36
      22
      20
      25
      32
      29
      29
      31
      30
      24
      25
      35
      39
      34
      33
      30
      34
      34
      39
      35
      41
      44
      44
      39
      51
      47
      31
      57
      40
      43
      39
      59
      47
      55
      45
      55
      44
      52
      44
      40
      54
      45
      56
      51
      49
      55
      44
      41
      46
      56
      45
      27
      48
      47
      54
      55
      47
      56
      47
      51
      42
      48
      37
      55
      41
      38
      47
      52
      58
      39
      46
      36
      46
      36
      36
      43
      48
      31
      33
      31
      35
      42
      32
      42
      30
      33
      27
      39
      28
      26
      22
      28
      31
      32
      25
      33
      16
      29
      21
      23
      21
      19
      20
      21
      21
      25
      25
      17
      23
      15
      15
      24
      15
      15
      14
       9
      17
      18
      15
      11
      11
      12
      11
      12
       9
      11
       7
      12
      14
       9
       9
       7
      10
       7
       9
       7
      10
       7
      13
       6
       9
       6
       2
       9
       9
       5
       5
       5
       6
      10
       3
       6
       8
       4
       6
       5
       4
       3
       7
       3
       7
       9
       2
       4
      13
       6
       3
       2
       7
       9
       4
       2
       4
       6
       7
       9
       7
       3
       7
       3
       3
       4
       3
       5
       3
       6
       2
       1
       7
       1
       3
       5
       3
       4
       5
       4
       5
       1
       3
       6
       6
       2
       5
       7
       3
       4
       2
       5
       2
       4
       5
       4
       4
       1
       7
       4
       5
       1
       6
       2
       1
       2
       4
       1
       8
       1
       3
       5
       4
       0
       5
       3
       4
       3
       4
       2
       2
       2
       1
       4
       2
       0
       0
       4
       2
       1
       1
       0
       5
       2
       0
       4
       0
       0
       2
       1
       1
       2
       4
       4
       5
       1
       0
       7
       1
       2
       1
       3
       1
       1
       1
       2
       0
       3
       4
       2
       2
       0
       0
       3
       3
       4
       2
       1
       1
       3
       1
       2
       1
       1
       2
       1
       3
       6
       1
       4
       2
       0
       6
       4
       4
       5
       3
       0
       3
       2
       2
       0
       4
       1
       1
       0
       5
       4
       3
       0
       6
       6
       5
       1
       3
       2
       4
       1
       4
       4
       2
       4
       1
       2
       2
       0
       3
       4
       1
       4
       5
       3
       2
       5
       5
       2
       2
       2
       2
       1
       6
       5
       2
       5
       4
       1
       5
       4
       4
       7
       7
       2
       4
       2
       1
       4
       0
       2
       3
       2
       5
       4
       5
       4
       2
       2
       5
       3
       1
       3
       1
       3
       3
       1
       4
       2
       3
       2
       2
       2
       2
       3
       3
       2
       3
       2
       2
       3
       2
       3
       2
       2
       3
       3
       2
       0
       1
       2
       2
       2
       1
       0
       2
       0
       1
       4
       1
       0
       3
       2
       2
       1
       2
       0
       0
       2
       1
       3
       3
       3
       1
       3
       0
       2
       1
       2
       1
       1
       4
       2
       1
       2
       1
       1
       1
       1
       0
       1
       3
       1
       0
       0
       1
       1
       1
       1
       2
       2
       2
       2
       2
       2
       2
       0
       1
       1
       1
       1
       2
       1
       1
       0
       0
       2
       2
       0
       0
       2
       2
       1
       0
       0
       0
       3
       1
       1
       2
       3
       4
       1
       1
       1
       1
       3
       0
       1
       2
       5
       4
       1
       0
       2
       4
       2
       1
       0
       3
       1
       3
       1
       2
       0
       1
       0
       0
       2
       2
       2
       1
       0
       1
       1
       2
       2
       4
       0
       0
       2
       0
       2
       1
       0
       2
       2
       2
       1
       0
       0
       1
       1
       0
       1
       1
       1
       0
       1
       0
       0
       2
       2
       0
       0
       1
       3
       2
       1
       2
       3
       0
       0
       2
       0
       0
       4
       0
       0
       3
       1
       1
       1
       0
       3
       0
       1
       1
       0
       3
       0
       0
       1
       1
       1
       3
       2
       2
       2
       0
       3
       1
       2
       0
       1
       2
       2
       2
       0
       0
       0
       0
       0
       2
       4
       2
       3
       1
       1
       0
       2
       0
       0
       2
       1
       1
       1
       0
       3
       0
       2
       0
       0
       0
       0
       0
       0
       0
       0
       0
       0
       0
       0
       0
       0
       0
       0
       0
       0
       0
       0
       0
       0
       0
       0
       0
       0
       0
       0
       0
       0
       0
       0
       0
       0
       0
       0
       0
       0
       0
       0
       0
       0
       0
       0
       0
       0
       0
       0
       0
       0
       0
       0
       0
       0
       0
       0
       0
       0
       0
       0
       0
       0
       0
       0
       0
       0
       0
       0
       0
       0
       0
       0
       0
       0
       0
       0
       0
       0
       0
       0
       0
       0
       0
       0
       0
       0
       0
       0
       0
       0
$ROI:
1
10 10
$PRESETS:
Live Time
600000
0
$ENER_FIT:
0.000000 0.000000
$MCA_CAL:
3
0.000000E+000 0.000000E+000 0.000000E+000 
$SHAPE_CAL:
3
0.000000E+000 0.000000E+000 0.000000E+000
