$SPEC_ID:
Beryllilum 1 Calibration
$SPEC_REM:
DET# 1
DETDESC# SPL3-VDG-PC Easy-MCA-8k SN 15013759
AP# Maestro Version 7.01
$DATE_MEA:
10/12/2021 15:42:18
$MEAS_TIM:
365 366
$DATA:
0 2047
       0
       0
      54
    9505
    7779
    2581
    1449
      75
       4
       0
       0
       0
       0
       0
       0
       0
       0
       0
       0
       0
       0
       0
       0
       0
       1
       0
       0
       0
       0
       0
       0
       1
       0
       0
       0
       0
       0
       0
       0
       0
       0
       0
       0
       0
       0
       0
       0
       0
       0
       0
       0
       0
       0
       0
       0
       0
       0
       0
       0
       0
       0
       0
       0
       0
       0
       0
       0
       0
       0
       0
       0
       0
       0
       0
       0
       0
       0
       0
       0
       0
       0
       0
       0
       0
       0
       0
       0
       0
       0
       0
       0
       0
       0
       0
       0
       0
       0
       1
       0
       0
       0
       0
       0
       0
       0
       0
       0
       0
       0
       0
       1
       0
       0
       0
       0
       0
       0
       0
       0
       0
       0
       0
       1
       0
       0
       0
       0
       0
       0
       0
       1
       0
       0
       0
       0
       0
       0
       0
       1
       0
       0
       1
       0
       0
       0
       0
       0
       0
       0
       0
       0
       0
       0
       0
       0
       0
       0
       0
       0
       0
       0
       0
       0
       0
       0
       0
       0
       0
       0
       0
       0
       0
       0
       0
       0
       0
       0
       1
       0
       0
       0
       0
       0
       0
       0
       0
       0
       0
       0
       0
       0
       0
       0
       0
       0
       1
       0
       0
       0
       0
       0
       0
       0
       0
       0
       0
       0
       0
       0
       0
       0
       0
       0
       0
       0
       0
       0
       1
       1
       0
       0
       3
       0
       5
       9
      12
      17
      23
      26
      46
      57
      57
      74
      93
      79
      80
      73
      94
      86
      86
      73
      84
      84
      95
      89
      82
      80
      74
      78
      85
      67
      76
      70
      96
      75
      62
      90
      81
      58
      89
      78
      96
      66
      81
      76
      83
      84
      83
      78
      76
      88
      78
      98
      88
      83
     102
     119
     114
      99
     115
     111
     126
     136
     126
     151
     158
     145
     183
     173
     176
     201
     203
     187
     183
     204
     216
     222
     221
     239
     255
     250
     224
     234
     258
     213
     247
     222
     207
     231
     214
     182
     194
     185
     186
     206
     168
     177
     146
     159
     145
     130
     126
     112
     102
     123
     105
     104
      90
      80
      94
      76
      73
      76
      64
      63
      67
      70
      56
      49
      70
      63
      62
      67
      56
      56
      53
      51
      50
      50
      54
      56
      78
      53
      54
      39
      44
      48
      51
      48
      43
      52
      48
      31
      52
      37
      43
      40
      44
      49
      49
      54
      36
      42
      41
      63
      49
      34
      39
      36
      49
      36
      35
      37
      42
      29
      26
      41
      29
      41
      42
      31
      53
      28
      51
      37
      44
      39
      28
      39
      42
      42
      39
      34
      24
      32
      31
      33
      41
      31
      26
      26
      43
      33
      34
      39
      46
      45
      32
      30
      35
      25
      34
      32
      24
      30
      30
      44
      36
      40
      20
      37
      27
      31
      22
      37
      30
      41
      29
      38
      33
      27
      25
      35
      35
      26
      37
      26
      32
      29
      34
      21
      36
      24
      46
      23
      39
      36
      31
      27
      28
      32
      21
      30
      25
      29
      19
      35
      38
      29
      31
      27
      28
      25
      27
      19
      31
      22
      27
      33
      31
      34
      39
      33
      34
      31
      28
      22
      32
      26
      39
      31
      26
      24
      19
      32
      29
      23
      22
      20
      27
      26
      25
      30
      16
      29
      35
      27
      16
      23
      29
      28
      31
      32
      17
      26
      28
      26
      25
      35
      34
      23
      32
      21
      28
      28
      33
      23
      28
      24
      36
      21
      29
      22
      24
      20
      34
      22
      24
      39
      33
      25
      24
      31
      29
      31
      34
      34
      26
      19
      37
      30
      31
      32
      27
      30
      25
      32
      25
      31
      21
      31
      25
      29
      20
      21
      26
      18
      22
      29
      24
      36
      25
      28
      22
      18
      22
      30
      27
      32
      25
      19
      27
      27
      28
      22
      20
      20
      21
      28
      28
      18
      24
      28
      22
      18
      35
      28
      26
      26
      36
      23
      28
      30
      23
      23
      22
      16
      28
      27
      26
      25
      13
      15
      22
      17
      21
      26
      22
      34
      22
      23
      21
      19
      22
      20
      24
      24
      25
      32
      19
      24
      21
      30
      26
      18
      26
      30
      30
      22
      16
      25
      22
      20
      29
      20
      27
      19
      26
      18
      21
      11
      23
      33
      30
      19
      25
      21
      23
      23
      20
      39
      21
      23
      28
      17
      23
      20
      26
      12
      17
      21
      30
      13
      25
      34
      21
      13
      27
      12
      22
       8
      24
      21
      24
      28
      22
      20
      22
      30
      19
      25
      23
      31
      21
      34
      27
      20
      21
      31
      18
      18
      27
      28
      18
      20
      32
      29
      19
      28
      22
      26
      21
      20
      27
      29
      17
      30
      21
      28
      23
      21
      19
      21
      21
      17
      24
      23
      16
      19
      28
      22
      21
      12
      15
      12
      19
      25
      18
      30
      24
      20
      30
      29
      26
      19
      17
      23
      30
      23
      31
      22
      26
      20
      33
      33
      27
      29
      29
      23
      30
      30
      20
      28
      30
      36
      20
      21
      34
      35
      19
      36
      38
      30
      29
      19
      28
      19
      28
      22
      36
      22
      32
      32
      34
      23
      35
      32
      32
      30
      26
      26
      28
      18
      25
      22
      26
      23
      27
      27
      20
      29
      22
      32
      24
      35
      20
      25
      21
      21
      29
      23
      21
      27
      22
      33
      24
      19
      24
      29
      24
      32
      29
      27
      26
      25
      21
      28
      26
      35
      22
      30
      25
      30
      34
      25
      33
      27
      34
      21
      33
      23
      36
      25
      29
      33
      29
      29
      27
      36
      32
      26
      30
      24
      32
      24
      28
      40
      34
      27
      33
      30
      29
      34
      27
      34
      30
      22
      33
      24
      28
      29
      33
      25
      30
      36
      33
      32
      28
      35
      28
      20
      23
      35
      27
      33
      26
      32
      28
      29
      30
      27
      37
      25
      24
      23
      17
      21
      32
      28
      30
      31
      21
      21
      30
      18
      18
      28
      36
      24
      33
      21
      25
      24
      26
      23
      34
      11
      27
      21
      25
      26
      23
      24
      19
      37
      21
      19
      26
      23
      20
      12
      29
      16
      27
      26
      12
      22
      24
      26
      28
      17
      25
      19
      15
      25
      25
      26
      27
      17
      23
      29
      31
      30
      19
      18
      19
      21
      27
      26
      11
      22
      27
      24
      27
      20
      23
      17
      31
      27
      17
      20
      19
      21
      23
      29
      25
      23
      21
      23
      19
      21
      19
      17
      24
      27
      25
      23
      18
      23
      19
      23
      30
      25
      24
      35
      16
      18
      24
      25
      33
      19
      25
      22
      24
      20
      17
      28
      28
      25
      23
      21
      22
      19
      21
      30
      25
      28
      20
      21
      24
      24
      17
      23
      22
      22
      36
      28
      23
      33
      39
      23
      23
      30
      33
      22
      29
      27
      22
      27
      26
      23
      27
      15
      26
      19
      37
      23
      21
      23
      27
      30
      26
      43
      25
      26
      37
      18
      26
      32
      26
      25
      27
      21
      38
      34
      25
      34
      31
      25
      33
      35
      34
      33
      28
      42
      29
      28
      42
      35
      41
      47
      38
      29
      28
      42
      48
      32
      30
      36
      34
      43
      41
      31
      46
      36
      35
      37
      32
      38
      30
      35
      29
      37
      43
      31
      50
      30
      27
      32
      33
      35
      39
      31
      34
      36
      38
      33
      30
      26
      24
      29
      33
      29
      36
      38
      35
      30
      32
      33
      33
      30
      39
      32
      22
      31
      20
      40
      34
      42
      31
      17
      25
      35
      30
      26
      29
      34
      26
      35
      30
      31
      24
      30
      21
      33
      24
      33
      23
      35
      30
      28
      28
      25
      21
      23
      40
      33
      18
      27
      36
      21
      29
      28
      17
      32
      33
      24
      27
      30
      19
      26
      27
      22
      35
      21
      29
      17
      24
      36
      27
      21
      17
      27
      30
      23
      26
      35
      31
      30
      26
      29
      22
      33
      29
      30
      22
      31
      25
      24
      31
      29
      23
      24
      30
      28
      26
      30
      38
      25
      30
      27
      30
      28
      21
      23
      22
      18
      16
      24
      23
      26
      19
      29
      25
      17
      29
      27
      15
      16
      10
      22
      29
      25
      17
      23
      24
      18
      15
      15
      20
      11
      12
      15
      13
       8
      12
      23
      16
      20
      11
       9
      17
      13
       8
      19
      19
      17
      11
      21
       9
      24
      21
      12
      10
      22
      12
      21
      20
      14
      15
      11
      19
      17
      10
      13
      17
      24
      21
      19
      15
      13
      16
      20
      15
      13
      17
      20
      24
      14
      14
      25
      14
      19
      24
      17
      30
      21
      19
      18
      22
      26
      23
      21
      19
      41
      34
      23
      26
      27
      34
      21
      38
      34
      39
      26
      38
      35
      34
      32
      35
      46
      45
      38
      42
      43
      41
      37
      41
      47
      55
      57
      53
      51
      43
      55
      51
      43
      54
      62
      44
      57
      42
      51
      60
      65
      36
      77
      63
      73
      70
      59
      73
      73
      65
      80
      65
      69
      72
      62
      62
      64
      57
      67
      73
      55
      59
      61
      66
      75
      71
      50
      74
      54
      61
      72
      65
      58
      61
      68
      57
      67
      62
      63
      52
      67
      49
      55
      52
      57
      62
      52
      67
      56
      42
      48
      59
      47
      49
      46
      51
      51
      29
      50
      39
      42
      39
      30
      26
      41
      27
      31
      33
      32
      35
      35
      29
      24
      24
      24
      27
      25
      22
      20
      24
      21
      24
      17
      19
      21
      19
      18
      11
      20
      14
      16
      20
      12
      14
      18
      12
      22
      11
       8
      12
      12
       9
      16
       8
      11
       6
       6
       6
      12
       5
      14
      12
       5
       7
       9
       3
       8
       9
       9
       6
       5
       8
       5
       2
       6
       5
       3
       6
       7
       3
       4
       4
       6
       2
       3
       6
       2
       1
       2
       1
       1
       4
      10
       1
       3
       2
       5
       2
       2
       3
       5
       5
       4
       4
       2
       4
       3
       3
       3
       2
       1
       6
       2
       4
       2
       4
       1
       3
       3
       2
       1
       1
       4
       2
       2
       1
       2
       2
       1
       6
       3
       3
       0
       2
       2
       3
       2
       4
       2
       1
       1
       3
       2
       2
       2
       0
       2
       3
       1
       1
       1
       3
       1
       0
       1
       1
       2
       2
       1
       0
       3
       4
       1
       1
       1
       0
       1
       2
       2
       1
       3
       0
       0
       0
       3
       0
       1
       3
       4
       0
       1
       0
       1
       1
       0
       0
       1
       3
       0
       1
       2
       0
       0
       0
       1
       0
       1
       0
       0
       0
       0
       2
       0
       1
       0
       2
       1
       1
       1
       0
       1
       1
       0
       1
       0
       0
       1
       1
       0
       1
       1
       0
       1
       0
       2
       1
       2
       1
       0
       0
       1
       0
       1
       0
       0
       1
       0
       0
       1
       1
       0
       1
       2
       1
       0
       0
       0
       0
       0
       0
       0
       0
       1
       0
       0
       1
       0
       1
       2
       0
       0
       0
       0
       1
       0
       1
       0
       1
       1
       1
       0
       0
       0
       0
       0
       0
       0
       1
       0
       1
       1
       0
       1
       0
       1
       1
       1
       1
       0
       0
       0
       0
       1
       2
       0
       0
       2
       1
       0
       1
       0
       1
       0
       0
       2
       0
       1
       1
       0
       0
       0
       0
       1
       0
       2
       0
       3
       1
       0
       1
       0
       0
       0
       1
       1
       0
       1
       0
       0
       2
       0
       1
       0
       0
       1
       0
       0
       0
       0
       0
       1
       1
       0
       0
       0
       0
       0
       1
       0
       0
       0
       1
       0
       2
       0
       1
       2
       0
       0
       1
       0
       2
       0
       0
       0
       0
       0
       1
       0
       1
       0
       0
       0
       1
       2
       2
       0
       1
       0
       1
       2
       0
       0
       0
       0
       1
       0
       0
       0
       1
       1
       0
       2
       0
       0
       0
       0
       0
       0
       0
       1
       0
       0
       0
       0
       1
       0
       0
       2
       1
       1
       0
       1
       0
       0
       1
       0
       1
       0
       0
       2
       1
       0
       0
       0
       0
       0
       0
       0
       1
       1
       1
       0
       0
       0
       2
       3
       1
       0
       0
       1
       0
       1
       0
       0
       1
       0
       0
       0
       0
       0
       0
       0
       0
       0
       0
       2
       0
       0
       1
       2
       1
       1
       0
       0
       0
       1
       1
       0
       0
       0
       0
       0
       2
       0
       0
       0
       0
       0
       2
       0
       1
       2
       1
       0
       1
       0
       0
       1
       1
       0
       1
       0
       1
       1
       0
       0
       0
       0
       0
       0
       1
       0
       0
       2
       1
       0
       1
       0
       1
       1
       0
       1
       1
       0
       0
       1
       1
       0
       0
       0
       0
       0
       0
       0
       0
       1
       0
       3
       0
       0
       0
       1
       0
       1
       0
       0
       1
       0
       1
       0
       0
       0
       0
       1
       0
       0
       0
       0
       0
       0
       1
       1
       0
       0
       0
       0
       0
       0
       0
       0
       0
       0
       0
       0
       0
       0
       0
       0
       0
       0
       0
       0
       0
       0
       0
       0
       0
       0
       0
       0
       0
       0
       0
       0
       0
       0
       0
       0
       0
       0
       0
       0
       0
       0
       0
       0
       0
       0
       0
       0
       0
       0
       0
       0
       0
       0
       0
       0
       0
       0
       0
       0
       0
       0
       0
       0
       0
       0
       0
       0
       0
       0
       0
       0
       0
       0
       0
       0
       0
       0
       0
       0
       0
       0
       0
       0
       0
       0
       0
       0
       0
       0
       0
$ROI:
2
10 10
279 331
$PRESETS:
None
0
0
$ENER_FIT:
0.000000 0.000000
$MCA_CAL:
3
0.000000E+000 0.000000E+000 0.000000E+000 
$SHAPE_CAL:
3
0.000000E+000 0.000000E+000 0.000000E+000
