$SPEC_ID:
Beryllilum 1 Calibration
$SPEC_REM:
DET# 1
DETDESC# SPL3-VDG-PC Easy-MCA-8k SN 15013759
AP# Maestro Version 7.01
$DATE_MEA:
10/07/2021 16:12:46
$MEAS_TIM:
220 221
$DATA:
0 2047
       0
       0
    2419
   39031
   58906
   53755
   54601
    2223
      87
       2
       1
       1
       1
       0
       0
       0
       0
       0
       1
       1
       0
       1
       0
       0
       0
       0
       0
       0
       0
       1
       1
       0
       0
       0
       1
       0
       2
       0
       1
       0
       0
       0
       0
       1
       2
       2
       1
       0
       0
       0
       0
       0
       0
       0
       0
       1
       1
       2
       0
       0
       1
       2
       0
       2
       0
       0
       0
       0
       1
       0
       1
       1
       0
       0
       0
       0
       0
       0
       1
       0
       1
       0
       0
       1
       0
       0
       0
       1
       0
       0
       2
       0
       2
       1
       1
       0
       0
       1
       0
       3
       0
       0
       0
       0
       0
       0
       0
       0
       0
       0
       0
       0
       0
       0
       1
       0
       1
       0
       0
       1
       1
       0
       0
       0
       0
       0
       0
       0
       1
       0
       0
       0
       0
       1
       0
       0
       0
       1
       0
       1
       2
       0
       1
       1
       0
       0
       0
       1
       0
       0
       1
       0
       0
       0
       0
       0
       0
       0
       0
       0
       0
       0
       0
       0
       1
       0
       0
       0
       0
       1
       0
       0
       0
       1
       0
       0
       0
       0
       0
       0
       0
       1
       0
       0
       0
       0
       0
       0
       0
       0
       0
       0
       0
       0
       0
       0
       0
       0
       0
       0
       0
       0
       0
       0
       0
       0
       0
       0
       0
       0
       0
       0
       0
       0
       1
       0
       1
       1
       0
       0
       1
       0
       0
       1
       2
       4
       6
       7
      19
      17
      23
      41
      39
      38
      43
      53
      61
      93
      77
      73
      81
      50
      84
      74
      76
      70
      85
      66
      77
      72
      94
      74
      92
      82
      86
      64
      65
      67
      76
      77
      77
      82
      60
      67
      67
      77
      78
      77
      71
      80
      76
      81
     104
      74
      89
      92
      86
      97
      85
      99
     119
     132
     115
     114
     123
     131
     155
     146
     154
     159
     181
     174
     181
     182
     164
     206
     201
     204
     232
     249
     271
     222
     238
     268
     267
     275
     264
     239
     267
     254
     242
     259
     220
     201
     226
     257
     240
     214
     207
     202
     191
     185
     165
     172
     149
     145
     120
     104
     113
     124
      97
     117
      90
      78
      75
      73
      77
      71
      73
      63
      57
      58
      63
      46
      60
      77
      52
      51
      50
      48
      57
      58
      43
      58
      63
      50
      37
      54
      44
      51
      53
      36
      45
      42
      46
      45
      37
      52
      44
      39
      62
      43
      48
      46
      40
      38
      39
      37
      33
      40
      43
      44
      42
      43
      51
      40
      39
      38
      32
      39
      29
      35
      45
      29
      32
      31
      35
      42
      42
      33
      42
      35
      36
      37
      30
      42
      31
      31
      33
      35
      35
      26
      38
      31
      30
      33
      36
      28
      35
      25
      27
      38
      41
      28
      35
      33
      44
      32
      34
      22
      31
      22
      33
      34
      31
      45
      41
      39
      31
      33
      33
      23
      38
      21
      36
      26
      27
      30
      27
      28
      26
      29
      30
      31
      35
      29
      32
      32
      32
      29
      28
      28
      32
      30
      30
      19
      23
      30
      31
      26
      22
      23
      25
      28
      24
      37
      31
      24
      29
      30
      29
      33
      35
      24
      28
      26
      25
      32
      24
      30
      23
      33
      29
      29
      29
      25
      29
      35
      22
      29
      37
      23
      21
      23
      32
      26
      34
      26
      25
      24
      23
      22
      21
      21
      23
      33
      33
      26
      25
      35
      27
      30
      19
      30
      33
      24
      25
      31
      22
      31
      31
      18
      17
      33
      23
      25
      28
      42
      30
      21
      25
      28
      24
      34
      34
      32
      32
      28
      17
      24
      28
      32
      15
      21
      26
      29
      29
      26
      25
      27
      27
      29
      28
      26
      37
      21
      39
      38
      30
      27
      38
      21
      22
      27
      24
      25
      23
      29
      28
      26
      27
      35
      29
      19
      33
      20
      28
      19
      20
      20
      31
      26
      23
      21
      26
      26
      31
      24
      29
      32
      24
      27
      33
      32
      26
      16
      32
      22
      22
      20
      24
      20
      23
      27
      30
      29
      30
      27
      27
      25
      19
      25
      26
      34
      23
      23
      33
      30
      31
      24
      15
      21
      27
      33
      29
      31
      18
      21
      21
      33
      24
      24
      26
      24
      29
      23
      15
      14
      22
      26
      33
      19
      23
      37
      25
      28
      33
      12
      25
      23
      21
      24
      23
      29
      26
      19
      33
      28
      25
      29
      24
      27
      37
      35
      20
      24
      29
      23
      22
      21
      22
      26
      19
      27
      19
      16
      38
      20
      24
      19
      29
      28
      22
      18
      22
      27
      18
      26
      17
      18
      28
      21
      14
      25
      24
      19
      30
      16
      18
      22
      20
      18
      21
      24
      27
      22
      28
      17
      36
      26
      26
      29
      30
      20
      23
      20
      18
      13
      23
      18
      25
      26
      13
      24
      20
      29
      19
      22
      25
      21
      25
      26
      18
      18
      22
      24
      25
      31
      20
      31
      19
      15
      18
      24
      27
      21
      21
      28
      31
      28
      29
      26
      28
      22
      20
      27
      23
      31
      27
      35
      23
      30
      22
      28
      32
      23
      27
      34
      24
      40
      32
      23
      19
      29
      36
      36
      28
      32
      36
      32
      33
      24
      29
      29
      27
      26
      25
      23
      23
      28
      34
      28
      39
      36
      31
      29
      29
      19
      34
      32
      25
      29
      36
      22
      24
      25
      25
      32
      19
      22
      24
      30
      26
      27
      29
      29
      33
      29
      42
      38
      30
      24
      25
      33
      28
      26
      36
      28
      36
      35
      31
      26
      32
      32
      32
      32
      32
      36
      26
      26
      28
      23
      30
      31
      34
      33
      30
      39
      27
      38
      32
      32
      31
      33
      27
      31
      36
      40
      29
      35
      20
      28
      28
      26
      32
      33
      41
      21
      32
      27
      23
      23
      37
      33
      19
      32
      38
      35
      29
      25
      36
      20
      31
      32
      40
      40
      18
      37
      41
      44
      32
      22
      31
      21
      30
      23
      29
      23
      28
      26
      28
      24
      26
      26
      17
      31
      26
      29
      21
      29
      30
      36
      22
      21
      21
      19
      29
      30
      29
      25
      29
      24
      21
      31
      20
      18
      25
      19
      30
      28
      23
      24
      22
      26
      24
      29
      23
      25
      24
      30
      22
      15
      26
      29
      23
      20
      21
      23
      21
      40
      25
      24
      26
      19
      26
      18
      22
      20
      22
      29
      22
      22
      18
      25
      30
      23
      23
      29
      24
      25
      27
      18
      18
      31
      27
      16
      27
      22
      29
      28
      24
      28
      36
      25
      21
      28
      17
      27
      26
      14
      23
      17
      19
      28
      19
      24
      27
      28
      27
      23
      33
      24
      24
      27
      32
      36
      27
      26
      33
      23
      21
      24
      34
      24
      20
      24
      26
      20
      38
      22
      40
      31
      29
      37
      39
      25
      25
      39
      28
      25
      24
      23
      33
      25
      30
      23
      29
      34
      39
      31
      31
      26
      30
      38
      30
      44
      33
      33
      31
      39
      34
      43
      39
      34
      33
      24
      34
      41
      36
      46
      37
      46
      26
      45
      32
      33
      33
      31
      42
      29
      39
      37
      28
      43
      33
      41
      42
      34
      36
      44
      38
      41
      31
      40
      47
      41
      45
      35
      33
      57
      55
      48
      43
      41
      49
      36
      46
      38
      40
      44
      33
      42
      40
      37
      33
      48
      33
      39
      36
      42
      48
      40
      38
      34
      38
      40
      35
      36
      51
      30
      39
      48
      48
      39
      48
      33
      50
      32
      37
      41
      34
      46
      34
      41
      34
      43
      36
      35
      39
      30
      33
      43
      32
      36
      40
      39
      33
      44
      35
      30
      28
      24
      33
      21
      38
      44
      39
      36
      34
      32
      28
      29
      36
      30
      40
      28
      36
      36
      44
      33
      29
      30
      36
      35
      31
      30
      23
      37
      35
      31
      25
      29
      27
      30
      27
      22
      35
      35
      41
      29
      41
      30
      28
      19
      26
      32
      28
      36
      33
      28
      44
      30
      36
      35
      24
      29
      23
      37
      32
      27
      31
      29
      24
      41
      29
      27
      27
      21
      28
      23
      28
      28
      26
      30
      29
      27
      30
      26
      26
      31
      24
      28
      33
      29
      27
      26
      12
      39
      26
      25
      26
      28
      30
      23
      32
      29
      28
      24
      27
      21
      35
      24
      31
      27
      24
      20
      18
      31
      16
      20
      21
      26
      18
      19
      19
      14
      20
      17
      19
      22
      23
      19
      16
      23
      17
      26
      15
      18
      20
      17
      24
      21
      21
      12
      20
      17
      17
      16
       8
      24
      12
      18
      13
      14
      24
      14
      16
      11
      11
      12
      13
      18
      11
      11
      19
      13
      24
      16
      17
      15
      17
      25
      14
      19
      12
      21
      10
      16
      16
      16
      19
      16
      23
      13
      23
      18
      21
      25
      19
      24
      18
      33
      29
      29
      29
      32
      22
      19
      27
      30
      41
      39
      36
      36
      41
      33
      46
      54
      54
      52
      36
      39
      47
      52
      51
      60
      48
      45
      52
      45
      51
      61
      64
      53
      60
      53
      62
      58
      51
      63
      64
      57
      73
      61
      68
      69
      71
      86
      75
      71
      84
      66
      86
      69
      71
      64
      65
      66
      74
      83
      67
      84
      83
      73
      80
      69
      62
      86
      61
      85
      79
      64
      68
      52
      69
      70
      77
      69
      64
      54
      86
      65
      62
      57
      66
      72
      64
      49
      76
      58
      50
      53
      72
      61
      53
      47
      53
      39
      43
      59
      43
      47
      56
      40
      46
      33
      49
      31
      34
      30
      36
      35
      40
      36
      37
      33
      26
      31
      35
      21
      20
      26
      24
      20
      33
      23
      16
      21
      22
      14
      20
      20
      10
      15
      12
      16
      18
      10
      17
      12
      18
      20
      23
      12
      12
       7
       8
      12
       8
       6
      12
      10
      14
      13
       8
       5
       5
       7
      12
       6
       5
       8
       9
       8
       7
       6
       5
       7
       3
       7
       8
       7
       5
       5
      10
       6
       2
       8
       8
       3
       7
       6
       9
       4
       4
       3
       6
       6
       2
       3
       4
       6
       4
       4
       4
       5
       6
       4
       8
       1
       4
       6
       3
       2
       4
       6
       2
       3
       2
       4
       4
       1
       3
       3
       3
       6
       4
       1
       2
       5
       2
       4
       5
       4
       5
       2
       2
       1
       3
       3
       1
       1
       2
       1
       4
       3
       3
       2
       2
       2
       1
       4
       4
       1
       4
       5
       1
       3
       4
       2
       0
       2
       3
       1
       2
       1
       3
       3
       1
       2
       0
       1
       3
       3
       3
       1
       2
       5
       4
       0
       3
       0
       1
       2
       2
       2
       3
       4
       4
       7
       0
       2
       4
       2
       1
       4
       0
       1
       1
       2
       1
       3
       3
       2
       3
       3
       2
       3
       6
       6
       0
       4
       1
       2
       2
       0
       4
       4
       3
       1
       4
       1
       4
       1
       2
       5
       2
       4
       3
       2
       2
       0
       3
       5
       3
       2
       5
       1
       5
       3
       1
       1
       9
       5
       2
       3
       3
       1
       6
       2
       1
       3
       2
       3
       1
       6
       3
       3
       3
       3
       5
       3
       2
       7
       0
       3
       3
       4
       2
       4
       2
       4
       5
       4
       3
       5
       0
       2
       4
       1
       2
       1
       4
       2
       2
       2
       9
       1
       2
       1
       6
       2
       2
       1
       1
       1
       1
       1
       2
       2
       2
       3
       3
       3
       2
       2
       2
       0
       1
       3
       3
       2
       3
       1
       3
       0
       1
       2
       0
       3
       1
       2
       2
       1
       7
       1
       0
       2
       3
       3
       0
       2
       2
       2
       1
       1
       1
       3
       2
       1
       1
       2
       1
       0
       0
       3
       0
       0
       3
       1
       1
       1
       2
       1
       1
       0
       1
       2
       3
       2
       0
       0
       2
       2
       3
       0
       1
       2
       0
       2
       0
       1
       0
       1
       2
       3
       2
       1
       2
       1
       0
       0
       1
       1
       3
       0
       0
       2
       0
       2
       1
       0
       1
       1
       1
       3
       4
       2
       1
       1
       0
       0
       2
       2
       2
       1
       3
       0
       1
       0
       2
       2
       1
       1
       0
       3
       3
       1
       1
       2
       1
       1
       4
       1
       2
       2
       2
       1
       1
       2
       2
       2
       2
       3
       1
       2
       1
       0
       2
       2
       3
       2
       1
       0
       1
       1
       3
       2
       0
       2
       2
       0
       2
       0
       1
       2
       1
       0
       0
       1
       1
       3
       1
       3
       1
       1
       0
       2
       3
       0
       1
       1
       1
       1
       0
       0
       2
       3
       0
       2
       0
       0
       0
       1
       1
       0
       2
       1
       3
       1
       1
       1
       1
       1
       1
       2
       2
       0
       1
       0
       0
       0
       0
       0
       2
       3
       1
       2
       0
       1
       0
       2
       0
       1
       2
       0
       1
       1
       1
       0
       1
       2
       3
       0
       1
       0
       1
       1
       0
       0
       0
       0
       0
       0
       0
       0
       0
       0
       0
       0
       0
       0
       0
       0
       0
       0
       0
       0
       0
       0
       0
       0
       0
       0
       0
       0
       0
       0
       0
       0
       0
       0
       0
       0
       0
       0
       0
       0
       0
       0
       0
       0
       0
       0
       0
       0
       0
       0
       0
       0
       0
       0
       0
       0
       0
       0
       0
       0
       0
       0
       0
       0
       0
       0
       0
       0
       0
       0
       0
       0
       0
       0
       0
       0
       0
       0
       0
       0
       0
       0
       0
       0
       0
       0
       0
       0
       0
       0
$ROI:
1
10 10
$PRESETS:
Live Time
600000
0
$ENER_FIT:
0.000000 0.000000
$MCA_CAL:
3
0.000000E+000 0.000000E+000 0.000000E+000 
$SHAPE_CAL:
3
0.000000E+000 0.000000E+000 0.000000E+000
