$SPEC_ID:
Beryllilum 1 Calibration
$SPEC_REM:
DET# 1
DETDESC# SPL3-VDG-PC Easy-MCA-8k SN 15013759
AP# Maestro Version 7.01
$DATE_MEA:
10/12/2021 15:51:13
$MEAS_TIM:
534 535
$DATA:
0 2047
       0
       0
     138
   10104
    7182
    2359
    1508
     109
       4
       0
       1
       0
       0
       0
       0
       0
       0
       0
       0
       0
       0
       0
       1
       0
       0
       0
       0
       1
       0
       0
       1
       0
       0
       0
       0
       0
       0
       0
       0
       0
       0
       0
       0
       0
       0
       0
       0
       0
       0
       0
       0
       0
       0
       0
       0
       0
       0
       0
       0
       0
       0
       0
       0
       1
       0
       0
       0
       0
       0
       0
       0
       0
       0
       0
       0
       0
       0
       0
       0
       0
       0
       0
       0
       0
       0
       0
       0
       0
       0
       0
       0
       0
       0
       0
       0
       0
       0
       0
       0
       0
       0
       0
       0
       1
       0
       0
       0
       0
       0
       0
       0
       0
       0
       0
       0
       0
       0
       0
       0
       0
       0
       0
       0
       0
       0
       0
       1
       0
       0
       0
       0
       0
       0
       0
       0
       0
       0
       0
       0
       0
       0
       0
       0
       0
       0
       0
       0
       0
       0
       0
       0
       0
       0
       0
       0
       0
       0
       0
       0
       0
       0
       0
       0
       0
       0
       0
       0
       0
       0
       0
       0
       0
       0
       0
       0
       0
       0
       0
       0
       0
       0
       0
       0
       0
       0
       0
       0
       0
       0
       0
       0
       0
       0
       0
       0
       1
       0
       0
       0
       0
       0
       0
       0
       0
       0
       0
       0
       0
       0
       0
       0
       0
       0
       2
       0
       0
       0
       1
       1
       1
       3
       8
      10
      10
      28
      32
      46
      61
      76
     102
     118
     118
     134
     152
     179
     169
     151
     165
     156
     158
     169
     186
     154
     180
     163
     197
     168
     185
     151
     169
     160
     159
     160
     134
     172
     176
     171
     169
     153
     160
     151
     197
     179
     165
     175
     167
     163
     176
     164
     196
     202
     204
     210
     210
     198
     212
     221
     262
     306
     316
     294
     323
     349
     352
     355
     385
     438
     470
     474
     494
     488
     540
     543
     563
     602
     619
     573
     626
     608
     653
     649
     606
     643
     650
     649
     631
     598
     594
     554
     538
     564
     536
     514
     497
     471
     416
     431
     408
     399
     350
     339
     287
     308
     262
     246
     271
     226
     204
     188
     199
     191
     145
     152
     157
     145
     162
     146
     124
     120
     129
     122
     104
     104
     123
     105
     118
     122
      98
     106
     114
     103
     105
     101
      94
      99
     108
     112
      96
     119
      97
      94
     101
     112
      98
      92
      96
      88
      97
      97
      97
      86
      79
      72
      95
      93
      95
      76
      80
      77
      93
      65
      72
      73
      76
      69
      74
      67
      78
      77
      66
      77
      82
      59
      79
      72
      65
      63
      66
      87
      62
      65
      71
      64
      71
      54
      73
      73
      77
      57
      77
      54
      56
      62
      55
      67
      66
      55
      61
      49
      54
      54
      57
      60
      54
      56
      48
      52
      53
      67
      45
      58
      67
      52
      51
      55
      62
      59
      75
      48
      57
      63
      65
      49
      58
      50
      61
      50
      42
      69
      51
      53
      54
      58
      56
      56
      52
      51
      61
      55
      59
      63
      58
      53
      54
      40
      46
      57
      46
      55
      50
      46
      45
      48
      47
      39
      65
      45
      48
      57
      49
      51
      60
      55
      43
      42
      53
      54
      51
      51
      47
      48
      45
      39
      48
      33
      39
      47
      63
      49
      62
      45
      39
      52
      40
      41
      43
      66
      54
      43
      44
      40
      49
      51
      54
      44
      48
      45
      49
      50
      55
      41
      56
      45
      47
      51
      45
      47
      45
      56
      52
      39
      54
      47
      51
      53
      35
      45
      55
      46
      48
      39
      45
      44
      37
      50
      56
      42
      58
      46
      45
      51
      50
      37
      53
      49
      52
      38
      49
      47
      47
      40
      45
      41
      35
      50
      62
      43
      48
      44
      51
      32
      51
      38
      45
      40
      47
      38
      46
      48
      55
      49
      63
      56
      56
      50
      57
      44
      34
      49
      38
      28
      54
      44
      44
      33
      51
      42
      50
      47
      53
      57
      41
      32
      41
      52
      39
      40
      48
      45
      38
      30
      34
      35
      40
      53
      43
      40
      44
      44
      59
      39
      45
      47
      42
      50
      35
      37
      30
      51
      40
      36
      36
      43
      31
      38
      47
      39
      39
      40
      36
      40
      28
      45
      59
      37
      36
      38
      33
      47
      26
      42
      44
      40
      52
      38
      38
      41
      56
      39
      48
      39
      44
      50
      35
      32
      49
      44
      43
      48
      44
      43
      36
      47
      34
      38
      40
      36
      49
      33
      41
      47
      47
      43
      41
      42
      45
      32
      41
      39
      38
      40
      45
      39
      49
      44
      48
      43
      36
      33
      48
      41
      50
      37
      43
      30
      37
      33
      44
      48
      41
      40
      37
      27
      44
      53
      36
      35
      44
      38
      41
      44
      40
      52
      36
      43
      45
      39
      50
      31
      49
      50
      38
      36
      47
      55
      58
      43
      48
      41
      49
      38
      44
      45
      50
      46
      53
      52
      54
      49
      47
      49
      40
      43
      44
      52
      53
      42
      43
      43
      40
      61
      50
      41
      34
      39
      46
      52
      55
      51
      49
      54
      51
      50
      35
      57
      57
      53
      47
      53
      58
      54
      53
      47
      53
      54
      51
      56
      44
      50
      50
      54
      46
      39
      46
      45
      61
      65
      51
      51
      49
      45
      46
      59
      40
      53
      45
      51
      54
      61
      45
      50
      47
      46
      56
      65
      57
      58
      50
      55
      44
      49
      44
      42
      55
      54
      76
      41
      65
      48
      43
      76
      48
      65
      43
      51
      50
      48
      58
      49
      63
      59
      49
      64
      67
      39
      50
      59
      63
      61
      54
      54
      53
      56
      49
      50
      57
      43
      55
      67
      56
      52
      55
      58
      63
      53
      58
      44
      59
      46
      51
      41
      53
      58
      52
      51
      56
      64
      54
      59
      43
      46
      48
      51
      45
      57
      50
      66
      61
      47
      51
      58
      62
      50
      46
      57
      55
      44
      57
      47
      46
      42
      57
      59
      40
      42
      48
      57
      41
      45
      45
      52
      37
      55
      52
      39
      57
      31
      44
      51
      47
      45
      46
      50
      46
      37
      49
      51
      48
      48
      53
      46
      36
      42
      55
      54
      43
      52
      56
      49
      48
      36
      45
      45
      46
      41
      42
      30
      47
      42
      51
      39
      50
      54
      41
      52
      50
      49
      34
      35
      38
      46
      38
      37
      46
      33
      34
      41
      43
      52
      36
      36
      37
      52
      60
      49
      48
      52
      45
      42
      37
      36
      53
      40
      62
      41
      39
      46
      53
      33
      61
      40
      37
      42
      51
      51
      43
      33
      40
      43
      45
      43
      30
      41
      48
      41
      45
      45
      47
      44
      46
      39
      40
      43
      38
      45
      42
      59
      49
      48
      49
      39
      48
      36
      54
      49
      58
      60
      41
      49
      46
      60
      55
      51
      50
      52
      45
      54
      61
      50
      61
      56
      48
      51
      61
      51
      45
      53
      68
      54
      64
      48
      62
      47
      50
      63
      53
      57
      48
      68
      60
      58
      60
      71
      55
      84
      63
      51
      82
      80
      84
      64
      72
      66
      87
      58
      77
      65
      77
      69
      74
      70
      79
      82
      65
      71
      72
      73
      94
      78
      92
      80
      76
      67
      75
      87
      61
      81
      82
      73
      87
      72
      87
      72
      85
      73
      86
      71
      60
      71
      58
      88
      61
      64
      68
      68
      63
      62
      64
      68
      61
      63
      85
      46
      70
      69
      65
      75
      56
      68
      73
      67
      83
      50
      57
      54
      61
      80
      58
      67
      74
      51
      68
      57
      83
      51
      70
      52
      53
      67
      63
      62
      63
      55
      65
      49
      56
      60
      60
      73
      55
      60
      62
      65
      48
      73
      58
      66
      63
      59
      49
      61
      56
      63
      54
      71
      58
      69
      52
      47
      52
      56
      67
      71
      52
      59
      47
      48
      57
      60
      58
      73
      69
      49
      57
      40
      49
      63
      51
      53
      62
      59
      72
      68
      53
      62
      56
      56
      56
      54
      60
      62
      67
      54
      54
      43
      60
      53
      50
      47
      51
      46
      57
      61
      48
      47
      51
      41
      47
      40
      53
      49
      38
      42
      43
      38
      47
      49
      37
      49
      43
      55
      38
      45
      43
      39
      42
      48
      47
      58
      27
      43
      36
      41
      25
      36
      37
      38
      37
      36
      38
      37
      44
      36
      21
      30
      46
      39
      29
      30
      46
      35
      38
      21
      24
      34
      38
      23
      41
      24
      27
      35
      32
      24
      29
      23
      27
      33
      28
      24
      22
      23
      39
      25
      28
      35
      42
      34
      34
      37
      35
      43
      35
      35
      31
      41
      26
      26
      36
      39
      30
      34
      43
      34
      50
      41
      56
      54
      42
      60
      63
      43
      46
      48
      50
      54
      60
      63
      62
      51
      66
      74
      65
      73
      73
      68
      67
      67
      78
      86
      77
      89
      79
      86
     106
      89
      73
      93
      96
      94
     103
     127
      96
      96
     106
      99
     104
     114
     134
     118
     133
     119
      95
     113
     133
     123
     136
     144
     146
     139
     140
     135
     141
     143
     147
     137
     123
     148
     109
     107
     127
     126
     132
     137
     128
     126
     137
     130
     144
     125
     131
     126
     152
     130
     129
     143
     125
     135
     128
     131
     129
     134
     121
     138
     115
     123
     123
     139
     134
     111
      91
     112
     120
     101
      98
      92
      95
     113
      99
      70
      85
      88
      86
      63
      87
      70
      64
      57
      74
      69
      71
      62
      71
      69
      61
      54
      58
      67
      53
      55
      43
      42
      54
      41
      41
      33
      42
      31
      45
      38
      32
      29
      28
      30
      34
      31
      34
      30
      26
      22
      24
      21
      18
      27
      11
      19
      14
      22
      21
      18
      15
      24
      19
      19
      10
      16
      15
      24
      12
      16
      14
      12
      15
      13
      11
      11
      10
      15
       6
       8
       5
       9
      10
       8
      12
      14
      11
       6
       7
       6
       7
       7
       7
       8
       5
       4
       1
       6
      13
       4
       2
       9
       2
       6
       3
       8
       7
       3
       3
       3
       9
       5
       7
       4
       5
       4
       6
       2
       3
       3
       4
       9
       2
       5
       3
       8
       4
       4
       4
       3
       3
       3
       7
       3
       3
       1
       6
       3
       0
       1
       1
       5
       2
       8
       3
       0
       3
       1
       2
       7
       2
       1
       1
       3
       3
       1
       4
       3
       2
       3
       2
       2
       4
       4
       0
       0
       1
       2
       1
       0
       1
       3
       3
       1
       0
       0
       2
       0
       0
       0
       0
       0
       1
       1
       0
       2
       1
       3
       4
       1
       0
       2
       1
       1
       2
       3
       1
       5
       1
       1
       0
       0
       1
       2
       1
       1
       0
       1
       0
       0
       1
       1
       3
       0
       3
       1
       0
       0
       2
       0
       1
       0
       1
       0
       1
       0
       2
       0
       0
       1
       1
       1
       1
       0
       1
       0
       2
       1
       1
       0
       2
       1
       0
       0
       3
       1
       0
       0
       0
       1
       0
       0
       0
       1
       1
       2
       0
       1
       1
       1
       0
       0
       0
       0
       1
       0
       0
       1
       0
       0
       2
       0
       0
       1
       0
       1
       0
       1
       0
       0
       1
       1
       1
       2
       1
       0
       0
       2
       1
       1
       2
       2
       0
       1
       0
       0
       1
       1
       3
       1
       0
       2
       0
       1
       1
       1
       0
       1
       1
       0
       2
       0
       1
       0
       0
       0
       0
       0
       1
       0
       1
       0
       0
       0
       2
       1
       0
       1
       2
       0
       0
       1
       0
       2
       1
       2
       1
       1
       1
       1
       2
       0
       0
       0
       0
       0
       2
       0
       1
       1
       0
       1
       0
       0
       0
       0
       0
       0
       0
       1
       0
       0
       0
       0
       1
       0
       1
       4
       0
       0
       1
       0
       0
       1
       0
       1
       0
       1
       2
       1
       2
       2
       0
       0
       0
       1
       1
       0
       0
       0
       0
       0
       2
       0
       0
       3
       0
       0
       2
       0
       1
       0
       0
       1
       0
       0
       1
       0
       1
       0
       0
       1
       0
       0
       0
       0
       1
       0
       2
       0
       0
       0
       0
       2
       0
       0
       0
       0
       1
       0
       0
       1
       0
       1
       1
       0
       1
       0
       0
       0
       0
       0
       0
       0
       0
       0
       0
       0
       0
       0
       0
       0
       0
       0
       0
       0
       1
       0
       0
       0
       0
       0
       2
       0
       1
       0
       0
       0
       2
       1
       0
       0
       0
       0
       2
       0
       1
       0
       3
       1
       3
       1
       1
       1
       1
       0
       3
       0
       0
       1
       0
       1
       1
       1
       1
       0
       0
       0
       0
       0
       1
       0
       1
       0
       0
       0
       0
       0
       1
       0
       0
       0
       1
       0
       0
       0
       1
       0
       1
       1
       0
       1
       0
       0
       0
       1
       1
       1
       2
       1
       1
       0
       2
       0
       0
       0
       0
       0
       0
       0
       0
       2
       1
       0
       1
       0
       0
       0
       0
       0
       0
       0
       0
       0
       0
       0
       0
       0
       0
       0
       0
       0
       0
       0
       0
       0
       0
       0
       0
       0
       0
       0
       0
       0
       0
       0
       0
       0
       0
       0
       0
       0
       0
       0
       0
       0
       0
       0
       0
       0
       0
       0
       0
       0
       0
       0
       0
       0
       0
       0
       0
       0
       0
       0
       0
       0
       0
       0
       0
       0
       0
       0
       0
       0
       0
       0
       0
       0
       0
       0
       0
       0
       0
       0
       0
       0
       0
       0
       0
       0
       0
       0
       0
       0
       0
       0
       0
       0
       0
$ROI:
2
10 10
279 331
$PRESETS:
None
0
0
$ENER_FIT:
0.000000 0.000000
$MCA_CAL:
3
0.000000E+000 0.000000E+000 0.000000E+000 
$SHAPE_CAL:
3
0.000000E+000 0.000000E+000 0.000000E+000
