$SPEC_ID:
Beryllilum 1 Calibration
$SPEC_REM:
DET# 1
DETDESC# SPL3-VDG-PC Easy-MCA-8k SN 15013759
AP# Maestro Version 7.01
$DATE_MEA:
10/07/2021 16:00:31
$MEAS_TIM:
618 621
$DATA:
0 2047
       0
       0
    4058
   66863
   92144
   67191
   69958
    3157
     136
       3
       2
       2
       0
       2
       1
       1
       0
       0
       0
       2
       1
       1
       1
       1
       0
       1
       0
       4
       2
       1
       1
       0
       2
       0
       0
       2
       3
       2
       0
       2
       0
       0
       0
       0
       1
       0
       0
       0
       0
       0
       0
       0
       0
       0
       0
       1
       0
       1
       0
       0
       0
       0
       0
       0
       0
       0
       0
       0
       0
       1
       1
       1
       0
       0
       0
       1
       2
       0
       0
       2
       0
       2
       0
       0
       1
       1
       1
       0
       0
       0
       0
       0
       0
       0
       0
       0
       0
       0
       0
       0
       1
       0
       0
       0
       0
       0
       0
       1
       0
       1
       0
       0
       1
       0
       0
       0
       0
       0
       0
       0
       1
       0
       1
       2
       1
       0
       0
       1
       0
       0
       0
       0
       0
       0
       0
       0
       0
       1
       0
       1
       0
       1
       3
       0
       0
       0
       1
       0
       2
       1
       0
       1
       0
       0
       0
       0
       0
       0
       0
       0
       0
       1
       0
       0
       1
       0
       0
       0
       0
       0
       0
       0
       0
       0
       0
       0
       0
       0
       0
       0
       0
       0
       0
       0
       0
       0
       0
       0
       0
       0
       1
       1
       0
       1
       0
       0
       1
       0
       0
       1
       0
       0
       0
       0
       0
       0
       1
       2
       0
       0
       0
       0
       0
       0
       0
       0
       0
       2
       1
       0
       0
       0
       2
       4
       4
       6
      11
       5
      21
      21
      28
      43
      49
      70
      87
      82
      92
      96
     115
     102
     111
      95
     118
     106
     121
      97
     113
     109
     112
      98
     108
     114
     100
     108
     113
     107
      93
      76
      95
     103
      92
     110
      89
      90
      91
     110
      99
      97
      95
     110
     109
     110
     108
      93
     110
     124
     117
     106
     113
     130
     146
     132
     140
     136
     153
     159
     151
     168
     173
     171
     205
     201
     222
     217
     241
     246
     253
     256
     261
     284
     263
     291
     291
     296
     259
     274
     310
     309
     321
     307
     308
     281
     279
     270
     264
     238
     248
     264
     225
     204
     209
     224
     184
     170
     176
     167
     143
     148
     132
     147
      95
     115
     120
     122
      93
      75
     103
      94
      85
      81
      90
      80
      83
      67
      90
      75
      80
      68
      64
      73
      63
      59
      70
      71
      68
      68
      48
      62
      67
      58
      59
      70
      48
      54
      62
      55
      50
      59
      44
      66
      55
      52
      49
      38
      55
      56
      61
      59
      59
      44
      53
      47
      41
      37
      71
      51
      37
      56
      42
      53
      39
      44
      42
      45
      49
      42
      50
      38
      49
      41
      45
      44
      37
      42
      51
      40
      47
      42
      38
      42
      49
      49
      26
      49
      40
      26
      41
      31
      36
      41
      47
      30
      33
      35
      39
      41
      42
      41
      39
      33
      40
      40
      33
      34
      34
      32
      50
      32
      36
      34
      43
      36
      31
      36
      31
      42
      25
      34
      30
      27
      44
      29
      28
      33
      25
      28
      41
      40
      30
      36
      25
      41
      26
      34
      34
      38
      37
      25
      28
      43
      44
      31
      31
      42
      30
      32
      30
      32
      44
      24
      33
      34
      25
      26
      27
      27
      27
      31
      32
      36
      31
      39
      40
      23
      33
      28
      45
      36
      32
      23
      27
      40
      22
      26
      28
      35
      34
      36
      34
      37
      23
      32
      43
      21
      29
      34
      23
      29
      22
      26
      30
      28
      39
      29
      30
      35
      36
      30
      35
      24
      29
      31
      40
      32
      39
      14
      25
      26
      30
      28
      25
      35
      35
      22
      32
      31
      26
      36
      36
      36
      37
      35
      37
      30
      32
      28
      32
      21
      28
      40
      41
      28
      29
      33
      42
      34
      33
      32
      29
      39
      27
      24
      37
      31
      29
      24
      24
      25
      23
      25
      25
      26
      33
      33
      29
      27
      37
      29
      24
      29
      28
      26
      34
      27
      25
      30
      29
      36
      14
      14
      24
      31
      31
      27
      32
      24
      28
      26
      33
      28
      26
      36
      23
      20
      28
      21
      25
      18
      29
      27
      28
      24
      26
      27
      25
      28
      18
      30
      20
      25
      26
      26
      23
      31
      27
      17
      20
      24
      40
      23
      28
      24
      29
      26
      29
      31
      26
      22
      28
      30
      23
      24
      26
      20
      32
      21
      21
      30
      20
      27
      23
      26
      27
      22
      31
      29
      19
      34
      26
      30
      23
      24
      27
      24
      20
      26
      22
      28
      20
      24
      23
      25
      17
      27
      22
      34
      18
      30
      23
      23
      28
      22
      26
      22
      23
      26
      21
      25
      29
      21
      19
      21
      20
      21
      22
      20
      24
      24
      24
      23
      19
      31
      21
      27
      27
      17
      27
      19
      30
      24
      26
      20
      30
      21
      21
      21
      13
      20
      31
      26
      20
      29
      26
      28
      19
      18
      16
      23
      19
      18
      19
      23
      25
      21
      25
      14
      18
      17
      27
      24
      31
      22
      26
      18
      24
      27
      18
      29
      24
      25
      16
      18
      25
      26
      18
      17
      19
      28
      25
      22
      21
      21
      23
      32
      27
      21
      19
      14
      25
      29
      23
      27
      22
      33
      23
      28
      29
      22
      22
      21
      28
      20
      22
      24
      27
      16
      28
      24
      20
      25
      23
      29
      24
      34
      22
      28
      17
      25
      26
      23
      32
      17
      26
      22
      27
      23
      29
      33
      23
      35
      17
      29
      28
      32
      31
      29
      31
      29
      27
      37
      22
      34
      30
      26
      34
      23
      26
      33
      34
      27
      35
      43
      30
      24
      43
      35
      35
      25
      37
      28
      34
      36
      29
      35
      30
      30
      37
      27
      29
      28
      32
      40
      42
      39
      29
      32
      31
      22
      30
      36
      36
      42
      29
      37
      36
      37
      37
      26
      27
      27
      29
      31
      25
      29
      31
      39
      26
      36
      31
      28
      31
      28
      24
      29
      28
      26
      35
      26
      24
      30
      23
      22
      26
      25
      30
      29
      29
      25
      29
      21
      26
      22
      32
      24
      31
      26
      28
      21
      21
      18
      23
      18
      24
      21
      32
      27
      19
      19
      22
      26
      29
      25
      24
      23
      26
      28
      18
      23
      17
      24
      22
      18
      26
      18
      23
      20
      23
      20
      15
      26
      22
      21
      20
      11
      22
      28
      12
      20
      24
      22
      25
      16
      24
      20
      26
      23
      21
      17
      21
      16
      18
      16
      35
      16
      21
      20
      17
      24
      25
      19
      23
      18
      11
      26
      21
      31
      19
      16
      25
      18
      20
      19
      26
      18
      27
      29
      16
      21
      21
      16
      22
      22
      16
      23
      21
      29
      18
      16
      19
      20
      23
      20
      23
      23
      21
      16
      15
      18
      24
      18
      17
      16
      20
      28
      23
      24
      31
      16
      25
      19
      22
      30
      28
      15
      34
      25
      26
      23
      20
      30
      32
      24
      17
      19
      30
      30
      28
      24
      22
      27
      33
      25
      34
      27
      30
      31
      29
      20
      18
      27
      26
      34
      33
      27
      25
      21
      28
      30
      27
      32
      22
      32
      32
      32
      20
      17
      23
      23
      20
      26
      25
      27
      32
      29
      29
      24
      24
      28
      32
      33
      23
      28
      20
      36
      27
      25
      35
      21
      29
      28
      28
      26
      37
      27
      33
      41
      35
      27
      26
      26
      31
      28
      27
      32
      26
      41
      25
      26
      32
      32
      31
      23
      32
      31
      29
      24
      31
      34
      13
      23
      23
      22
      17
      28
      39
      28
      26
      30
      34
      31
      23
      29
      31
      29
      33
      26
      24
      28
      22
      22
      26
      32
      19
      19
      33
      26
      30
      29
      38
      24
      30
      23
      17
      25
      29
      33
      24
      23
      30
      28
      26
      29
      20
      20
      19
      13
      30
      18
      19
      27
      16
      20
      26
      24
      16
      20
      28
      27
      22
      22
      24
      26
      22
      26
      19
      21
      22
      21
      18
      30
      22
      26
      28
      24
      25
      28
      24
      17
      32
      20
      23
      24
      18
      24
      27
      30
      18
      29
      28
      16
      26
      21
      20
      26
      18
      16
      12
      19
      28
      21
      25
      26
      24
      18
      22
      19
      27
      28
      18
      18
      22
      14
      13
      17
      12
      19
      14
      20
      17
      16
      28
      22
      15
      17
      20
      19
      22
      25
      18
      15
      17
      18
      36
      18
      19
      24
      18
      21
      26
      17
      23
      20
      13
      13
      19
      21
      14
      18
      21
      15
      16
      14
      27
      12
      18
      22
       9
      15
      15
      13
      12
      14
      15
      20
      15
      14
      13
      18
      15
      14
      14
      11
      12
      14
       6
      13
      17
      19
      20
       5
      11
       9
      10
      18
       9
      20
       9
      11
      10
      17
      13
      13
      19
      15
      16
      16
      12
      11
       9
      13
       9
      12
      11
      10
      15
      19
      22
      16
      27
      19
      11
      16
      16
      21
      14
      25
      12
      13
      30
      31
      12
      22
      17
      18
      29
      24
      19
      24
      27
      25
      29
      26
      31
      28
      25
      39
      24
      15
      30
      28
      27
      32
      33
      47
      42
      33
      43
      33
      27
      36
      34
      45
      43
      34
      25
      39
      37
      43
      41
      48
      51
      45
      49
      51
      42
      44
      41
      41
      45
      46
      69
      44
      42
      39
      54
      48
      45
      50
      50
      43
      47
      47
      39
      42
      44
      39
      53
      66
      44
      39
      48
      41
      50
      50
      46
      49
      50
      48
      39
      46
      50
      38
      51
      41
      46
      48
      42
      36
      45
      35
      47
      41
      41
      36
      33
      22
      23
      25
      29
      35
      24
      26
      29
      36
      27
      28
      24
      23
      29
      17
      24
      22
      22
      25
      16
      23
      25
      17
      20
      16
      18
      15
      23
      15
      12
      12
       8
      18
      13
      25
      20
      25
      18
      16
      24
      10
      13
      13
      13
      17
      14
      19
      12
       8
       5
       8
      10
      14
      14
      11
      13
       7
       4
       9
       9
      13
      12
       8
       5
       8
      12
      11
      12
      12
      11
       8
       8
       4
       7
       7
       5
       4
       5
      12
       6
       3
       4
       6
       7
       8
       5
       4
       4
       7
       8
       1
       2
       5
       5
       9
       3
      13
       5
       5
       5
       8
       4
      11
       8
       4
       7
       3
       5
       6
       6
       2
       3
       1
       6
       7
       9
       3
       8
       5
       4
       6
       7
       4
       4
       6
       4
       5
       3
       8
       6
       5
       3
       7
      11
      10
       4
       7
       8
       5
       7
       5
       8
       5
       1
       4
       6
       6
       6
       6
       8
       3
       3
       3
      10
       3
       6
       2
       3
       4
       4
       4
       6
       6
       6
       5
       4
       5
       4
       4
       4
       7
       1
       3
       4
       5
       3
       5
       7
       2
       2
       6
       9
       1
       6
       7
       4
       4
       2
       0
       9
       6
       3
       4
       4
       3
      10
       4
       7
       4
       6
       3
       8
       3
       2
       5
       7
       6
       4
       6
       4
       3
       3
       4
       6
       1
       8
       8
       7
       2
       7
       6
       1
       5
       6
       4
       6
       7
       5
      10
       8
       6
       1
       4
       5
       3
       4
       6
       4
       4
       5
       5
       8
       6
       8
      10
       3
       5
       7
       6
       4
       2
      10
       4
       2
       5
       4
       3
       5
       5
       6
       3
       3
       5
       3
       7
       3
       8
       5
       4
       8
       3
       4
       3
       3
       7
       3
       7
       3
       3
       3
       2
       5
       1
       6
       5
       4
       2
       3
       1
       4
       6
       6
       6
       4
       3
       4
       2
       4
       5
       5
       2
       7
       5
       6
       4
       2
       6
       0
       5
       2
       3
       3
       3
       8
       2
       1
       1
       8
       5
       2
       2
       2
       4
       1
       1
       2
       3
       2
       4
       5
       4
       6
       8
       2
       5
       3
       4
       4
       4
       4
       2
       6
       1
       3
       5
       2
       2
       4
       1
       3
       6
       4
       5
       8
       5
       3
       2
       4
       5
       6
       0
       2
       3
       5
       2
       5
       2
       2
       4
       3
       1
       0
       4
       5
       3
       6
       0
       3
       3
       8
       9
       2
       5
       4
       2
       4
       7
       5
       0
       1
       1
       1
       4
       6
      10
       2
       4
       2
       4
       5
       1
       5
       2
       2
       2
       5
       2
       7
       3
       3
       3
       1
       2
       6
       3
       3
       0
       4
       4
       2
       1
       2
       3
       5
       3
       2
       7
       2
       3
       3
       5
       3
       5
       2
       5
       2
       1
       4
       2
       2
      10
       4
       1
       4
       4
       1
       5
       2
       3
       6
       5
       5
       2
       0
       1
       3
       2
       2
       3
       3
       5
       0
       4
       0
       6
       1
       3
       2
       4
       5
       2
       2
       3
       2
       6
       2
       6
       2
       1
       4
       4
       4
       2
       6
       2
       3
       2
       2
       1
       5
       2
       3
       0
       5
       1
       3
       4
       2
       3
       3
       5
       3
       3
       7
       3
       4
       2
       3
       4
       3
       3
       8
       1
       1
       0
       0
       0
       0
       0
       0
       0
       0
       0
       0
       0
       0
       0
       0
       0
       0
       0
       0
       0
       0
       0
       0
       0
       0
       0
       0
       0
       0
       0
       0
       0
       0
       0
       0
       0
       0
       0
       0
       0
       0
       0
       0
       0
       0
       0
       0
       0
       0
       0
       0
       0
       0
       0
       0
       0
       0
       0
       0
       0
       0
       0
       0
       0
       0
       0
       0
       0
       0
       0
       0
       0
       0
       0
       0
       0
       0
       0
       0
       0
       0
       0
       0
       0
       0
       0
       0
       0
       0
       0
$ROI:
1
10 10
$PRESETS:
Live Time
600000
0
$ENER_FIT:
0.000000 0.000000
$MCA_CAL:
3
0.000000E+000 0.000000E+000 0.000000E+000 
$SHAPE_CAL:
3
0.000000E+000 0.000000E+000 0.000000E+000
