$SPEC_ID:
Beryllilum 1 Calibration
$SPEC_REM:
DET# 1
DETDESC# SPL3-VDG-PC Easy-MCA-8k SN 15013759
AP# Maestro Version 7.01
$DATE_MEA:
10/12/2021 16:01:31
$MEAS_TIM:
302 303
$DATA:
0 2047
       0
       0
     110
    6628
    4251
    1345
    1030
      84
       5
       0
       1
       0
       0
       2
       0
       0
       0
       0
       0
       0
       0
       0
       0
       0
       0
       1
       0
       1
       0
       0
       0
       0
       0
       0
       0
       0
       0
       0
       0
       0
       0
       0
       0
       0
       0
       0
       0
       0
       0
       0
       0
       0
       0
       0
       0
       0
       0
       0
       0
       0
       0
       0
       1
       0
       0
       0
       0
       0
       0
       0
       0
       0
       0
       0
       0
       0
       0
       0
       0
       0
       0
       0
       0
       0
       0
       0
       0
       0
       0
       0
       0
       0
       0
       0
       0
       0
       0
       0
       0
       0
       0
       0
       0
       0
       0
       0
       0
       0
       0
       0
       0
       0
       0
       0
       0
       0
       0
       0
       0
       0
       0
       0
       0
       0
       0
       0
       0
       0
       0
       0
       0
       0
       0
       0
       0
       0
       0
       0
       0
       0
       0
       0
       0
       0
       0
       0
       0
       0
       0
       0
       0
       0
       0
       0
       0
       0
       0
       0
       0
       0
       0
       0
       0
       0
       0
       0
       0
       0
       0
       0
       0
       0
       1
       0
       0
       0
       0
       0
       0
       0
       0
       0
       0
       0
       0
       0
       0
       0
       0
       0
       0
       0
       0
       1
       0
       0
       0
       0
       0
       0
       0
       0
       1
       0
       1
       1
       0
       0
       0
       0
       0
       0
       1
       0
       0
       0
       1
       4
       1
       5
       6
      11
      22
      26
      50
      49
      65
      98
     114
     121
     133
     151
     160
     165
     169
     171
     190
     172
     170
     190
     206
     171
     178
     195
     181
     176
     187
     199
     175
     196
     169
     164
     194
     171
     159
     185
     174
     170
     181
     181
     145
     190
     189
     205
     183
     208
     186
     193
     216
     212
     245
     243
     251
     248
     297
     296
     350
     303
     385
     374
     404
     425
     439
     499
     509
     501
     564
     599
     592
     675
     690
     690
     736
     755
     742
     757
     828
     851
     823
     820
     864
     794
     869
     869
     834
     770
     794
     792
     747
     703
     683
     681
     585
     581
     555
     530
     513
     467
     415
     426
     420
     367
     308
     334
     292
     286
     257
     207
     239
     244
     222
     195
     204
     174
     161
     166
     145
     155
     175
     150
     131
     164
     146
     126
     112
     131
     131
     148
     120
     124
     120
     130
     119
     114
     132
     123
      98
      81
     106
     109
     115
     103
      89
     114
      99
      97
      90
     102
     101
     105
     102
     111
      80
      85
      93
     104
      84
     102
      66
      96
      81
      83
      83
      78
      82
      82
      84
      82
      64
      79
      62
      87
      75
      85
      88
      68
      78
      84
      77
      86
      77
      72
      73
      67
      71
      71
      64
      67
      63
      74
      66
      60
      60
      67
      72
      72
      59
      66
      78
      65
      72
      65
      57
      64
      54
      58
      56
      58
      53
      63
      70
      59
      61
      49
      55
      51
      56
      39
      54
      40
      41
      66
      58
      77
      42
      61
      44
      46
      51
      48
      65
      66
      52
      50
      48
      50
      59
      48
      54
      37
      47
      56
      41
      62
      54
      46
      66
      58
      73
      59
      43
      48
      37
      57
      46
      49
      54
      45
      46
      47
      45
      56
      56
      55
      52
      54
      56
      45
      54
      45
      52
      39
      59
      52
      55
      41
      34
      47
      52
      37
      57
      49
      46
      56
      36
      45
      53
      49
      50
      50
      47
      47
      52
      47
      49
      44
      39
      42
      52
      48
      47
      46
      53
      55
      46
      52
      49
      42
      52
      46
      56
      47
      40
      46
      44
      47
      51
      56
      42
      51
      62
      41
      49
      40
      45
      49
      45
      52
      44
      36
      42
      52
      42
      42
      44
      42
      41
      42
      48
      40
      51
      41
      46
      56
      49
      57
      52
      37
      37
      44
      51
      41
      41
      41
      48
      46
      39
      50
      50
      42
      49
      40
      45
      45
      37
      41
      46
      45
      57
      47
      33
      46
      49
      34
      44
      49
      43
      33
      39
      48
      54
      49
      61
      43
      43
      58
      42
      37
      35
      41
      39
      53
      40
      47
      43
      44
      53
      30
      49
      38
      41
      39
      36
      31
      31
      38
      42
      23
      37
      43
      45
      35
      44
      41
      37
      39
      38
      45
      49
      38
      39
      50
      40
      53
      53
      34
      48
      44
      40
      38
      51
      45
      42
      38
      41
      55
      44
      40
      51
      46
      41
      52
      46
      42
      61
      39
      48
      44
      37
      38
      43
      43
      31
      49
      46
      49
      49
      44
      32
      33
      53
      45
      38
      27
      36
      49
      38
      36
      40
      35
      44
      46
      50
      37
      45
      46
      40
      45
      43
      36
      45
      39
      50
      40
      37
      40
      44
      48
      43
      42
      40
      35
      55
      34
      43
      46
      41
      42
      33
      37
      35
      35
      37
      32
      43
      42
      33
      52
      47
      52
      47
      41
      47
      37
      49
      52
      74
      49
      39
      46
      44
      43
      39
      55
      51
      42
      42
      45
      49
      47
      58
      38
      54
      52
      59
      62
      52
      37
      40
      46
      50
      45
      51
      47
      61
      52
      55
      52
      61
      62
      37
      45
      48
      47
      41
      63
      45
      58
      62
      70
      55
      55
      55
      48
      44
      58
      47
      63
      41
      55
      46
      63
      66
      60
      50
      40
      57
      61
      49
      64
      45
      48
      56
      47
      39
      50
      53
      57
      48
      68
      62
      58
      63
      52
      47
      49
      52
      52
      62
      62
      65
      55
      56
      55
      49
      64
      62
      67
      62
      60
      56
      52
      64
      46
      68
      47
      61
      56
      51
      55
      48
      60
      56
      49
      53
      49
      48
      64
      50
      70
      51
      56
      66
      50
      56
      58
      57
      64
      56
      70
      58
      53
      53
      51
      53
      65
      62
      51
      67
      64
      50
      57
      51
      58
      54
      50
      63
      43
      46
      63
      55
      53
      48
      44
      49
      49
      58
      67
      48
      54
      46
      48
      41
      62
      56
      51
      49
      55
      54
      51
      65
      42
      60
      59
      49
      46
      56
      46
      51
      32
      54
      45
      55
      47
      51
      46
      38
      48
      56
      53
      51
      42
      56
      43
      58
      45
      39
      53
      49
      42
      59
      36
      59
      49
      65
      44
      54
      49
      42
      40
      47
      48
      44
      57
      47
      42
      44
      61
      60
      44
      52
      57
      45
      47
      48
      55
      54
      36
      43
      40
      45
      54
      45
      49
      47
      36
      44
      54
      60
      42
      40
      48
      59
      48
      53
      47
      51
      51
      53
      48
      49
      41
      43
      45
      36
      59
      51
      53
      50
      42
      54
      54
      47
      45
      44
      49
      45
      61
      54
      63
      48
      52
      55
      42
      48
      42
      34
      42
      42
      43
      56
      53
      41
      55
      56
      46
      45
      47
      57
      61
      64
      52
      61
      47
      47
      63
      65
      50
      50
      64
      51
      46
      54
      50
      45
      48
      48
      53
      54
      64
      53
      59
      56
      69
      49
      56
      58
      65
      57
      61
      62
      72
      65
      56
      65
      67
      63
      78
      73
      78
      66
      62
      79
      70
      74
      66
      88
      72
      64
      50
      63
      78
      67
      72
      81
      71
      82
      86
      66
      69
      81
      88
      88
      70
      73
      84
      75
      81
      68
      80
      68
      85
      89
      90
      97
      76
      93
      63
      63
      86
     103
      81
      80
      75
      81
      87
      72
      62
      84
      82
      78
      78
      74
      97
      76
      95
      58
      74
      74
      65
      86
      66
      78
      83
      62
      64
      76
      66
      70
      71
      72
      79
      79
      71
      57
      90
      65
      55
      60
      77
      71
      63
      85
      76
      55
      64
      85
      60
      78
      70
      71
      72
      80
      70
      70
      62
      63
      79
      60
      69
      61
      54
      64
      64
      76
      60
      54
      72
      69
      53
      69
      73
      67
      63
      56
      56
      55
      69
      67
      63
      56
      65
      55
      70
      60
      63
      63
      67
      60
      65
      74
      70
      43
      60
      61
      46
      63
      63
      61
      56
      48
      87
      53
      63
      59
      72
      79
      66
      61
      65
      58
      58
      68
      66
      52
      54
      59
      51
      49
      58
      51
      42
      60
      47
      55
      53
      55
      44
      60
      51
      76
      56
      54
      46
      53
      48
      43
      60
      50
      45
      40
      48
      39
      45
      47
      37
      50
      51
      54
      41
      47
      36
      47
      49
      39
      39
      35
      49
      47
      37
      42
      36
      49
      37
      37
      38
      33
      35
      43
      37
      38
      35
      38
      42
      33
      32
      38
      30
      32
      30
      31
      29
      23
      37
      37
      22
      33
      33
      41
      39
      32
      37
      36
      28
      48
      44
      29
      40
      28
      40
      42
      30
      39
      41
      44
      52
      50
      43
      42
      53
      45
      50
      40
      46
      34
      54
      61
      38
      55
      77
      58
      56
      51
      56
      44
      67
      52
      61
      74
      69
      63
      72
      73
      70
      92
      69
      76
      95
      83
      87
      74
      98
      91
      92
      97
      97
      96
     112
     103
      97
     130
     113
     145
     112
     104
      99
     129
     138
     125
     101
     134
     141
     152
     164
     162
     140
     140
     131
     139
     138
     147
     154
     150
     147
     129
     124
     154
     146
     143
     148
     166
     145
     131
     158
     144
     141
     132
     154
     152
     151
     148
     134
     127
     129
     130
     128
     119
     130
     128
     143
     128
     135
     128
     108
     113
     128
     122
     123
     109
     119
     120
      91
     112
     119
      92
      95
      91
     102
     103
      98
      80
      89
      87
      85
      76
     102
      68
      65
      66
      76
      79
      75
      79
      74
      68
      77
      54
      52
      49
      43
      48
      50
      48
      51
      45
      57
      44
      41
      44
      50
      33
      41
      50
      31
      35
      34
      35
      26
      19
      25
      26
      21
      21
      23
      25
      26
      25
      17
      21
      26
      27
      20
      16
      21
      20
      23
      11
      15
      14
      17
      12
      13
      10
       9
       8
       8
       9
      16
      13
      11
      12
      12
       8
      11
      15
      10
       7
       9
       6
      15
      10
       6
       4
      14
      17
       5
       5
       6
      11
       4
       5
       5
       3
       2
       4
       7
       6
       6
       7
       5
       4
       7
       6
       4
       6
       5
       6
       4
       1
       2
       1
       2
       3
       7
       3
       2
       5
       4
       3
       5
       1
       4
       3
       2
       4
       4
       5
       5
       2
       6
       2
       4
       2
       4
       4
       3
       0
       1
       0
       6
       5
       0
       6
       4
       1
       3
       4
       3
       3
       3
       2
       3
       1
       2
       2
       4
       2
       6
       0
       3
       3
       0
       3
       3
       0
       3
       0
       3
       3
       3
       3
       1
       2
       2
       2
       4
       7
       1
       1
       2
       4
       0
       2
       1
       2
       3
       2
       2
       2
       0
       2
       0
       2
       4
       2
       1
       2
       2
       3
       1
       1
       2
       1
       0
       1
       0
       1
       0
       0
       0
       1
       3
       2
       2
       3
       2
       0
       0
       1
       1
       0
       0
       0
       1
       1
       0
       2
       2
       2
       0
       0
       2
       0
       3
       0
       2
       2
       2
       3
       2
       1
       1
       1
       2
       1
       1
       2
       2
       3
       2
       4
       2
       1
       0
       2
       0
       0
       1
       2
       2
       1
       1
       3
       0
       2
       1
       2
       2
       1
       2
       5
       2
       1
       1
       1
       1
       1
       4
       0
       2
       1
       0
       0
       0
       0
       0
       0
       0
       0
       2
       1
       2
       2
       1
       2
       1
       0
       3
       2
       1
       2
       1
       1
       3
       4
       2
       1
       2
       1
       2
       1
       0
       1
       0
       1
       1
       0
       1
       2
       2
       1
       0
       0
       2
       1
       0
       1
       0
       1
       1
       0
       1
       0
       1
       0
       1
       2
       0
       1
       0
       2
       0
       1
       2
       2
       1
       0
       0
       0
       3
       3
       3
       0
       3
       0
       1
       1
       2
       2
       2
       1
       1
       1
       2
       1
       1
       1
       1
       1
       2
       1
       0
       2
       2
       3
       1
       1
       1
       2
       2
       0
       0
       1
       1
       2
       1
       1
       2
       0
       1
       0
       1
       0
       0
       1
       0
       1
       1
       0
       2
       2
       1
       1
       3
       1
       0
       0
       1
       1
       2
       2
       0
       0
       2
       0
       1
       0
       2
       1
       0
       2
       2
       1
       2
       2
       0
       1
       2
       1
       0
       2
       2
       0
       0
       2
       2
       0
       0
       0
       0
       0
       1
       0
       0
       0
       1
       6
       3
       1
       0
       1
       2
       2
       0
       3
       0
       2
       0
       0
       1
       1
       1
       4
       2
       0
       2
       1
       3
       1
       0
       0
       0
       1
       1
       0
       2
       0
       2
       1
       0
       0
       2
       0
       0
       5
       1
       4
       0
       1
       1
       2
       0
       4
       1
       0
       1
       1
       1
       0
       1
       1
       1
       0
       0
       1
       0
       1
       2
       1
       1
       1
       6
       1
       2
       3
       0
       0
       0
       0
       1
       0
       1
       0
       1
       1
       2
       2
       2
       2
       1
       1
       2
       3
       2
       0
       1
       1
       0
       1
       0
       0
       0
       0
       0
       0
       0
       0
       0
       0
       0
       0
       0
       0
       0
       0
       0
       0
       0
       0
       1
       0
       0
       0
       0
       0
       0
       0
       0
       0
       0
       0
       0
       0
       0
       0
       0
       0
       0
       0
       0
       0
       0
       0
       0
       0
       0
       0
       0
       0
       0
       0
       0
       0
       0
       0
       0
       0
       0
       0
       0
       0
       0
       0
       0
       0
       0
       0
       0
       0
       0
       0
       0
       0
       0
       0
       0
       0
       0
       0
       0
       0
       0
       0
       0
       0
       0
       0
       0
$ROI:
2
10 10
279 331
$PRESETS:
None
0
0
$ENER_FIT:
0.000000 0.000000
$MCA_CAL:
3
0.000000E+000 0.000000E+000 0.000000E+000 
$SHAPE_CAL:
3
0.000000E+000 0.000000E+000 0.000000E+000
