$SPEC_ID:
Beryllilum 1 Calibration
$SPEC_REM:
DET# 1
DETDESC# SPL3-VDG-PC Easy-MCA-8k SN 15013759
AP# Maestro Version 7.01
$DATE_MEA:
10/07/2021 15:31:03
$MEAS_TIM:
392 399
$DATA:
0 2047
       0
       0
   14325
   94805
  137607
  159115
  254401
   26483
    3677
       5
       5
       4
       5
      10
       2
       4
       1
       2
       1
       2
       2
       0
       2
       1
       2
       0
       4
       2
       2
       1
       2
       0
       2
       3
       3
       0
       3
       1
       1
       0
       2
       1
       3
       1
       1
       1
       0
       0
       1
       2
       0
       0
       0
       2
       1
       0
       0
       1
       1
       1
       1
       0
       1
       0
       1
       0
       1
       1
       3
       0
       0
       1
       2
       1
       0
       1
       0
       2
       1
       1
       0
       1
       0
       1
       2
       1
       0
       0
       0
       0
       1
       2
       1
       1
       1
       0
       0
       3
       0
       0
       1
       0
       0
       2
       1
       1
       1
       1
       0
       1
       1
       1
       2
       0
       1
       1
       0
       0
       2
       1
       1
       2
       1
       2
       1
       2
       0
       2
       4
       0
       1
       2
       1
       0
       2
       2
       2
       1
       1
       1
       3
       4
       0
       1
       1
       3
       0
       2
       4
       3
       0
       0
       0
       4
       1
       1
       1
       1
       0
       2
       1
       1
       1
       2
       2
       1
       2
       0
       0
       0
       1
       0
       2
       0
       3
       0
       2
       2
       1
       0
       1
       0
       0
       2
       1
       1
       1
       0
       0
       1
       3
       0
       1
       0
       0
       0
       0
       1
       0
       0
       0
       0
       1
       2
       0
       1
       2
       0
       1
       0
       0
       2
       0
       2
       0
       0
       2
       0
       0
       1
       1
       2
       3
       7
       5
       7
      10
      20
      15
      27
      29
      39
      60
      47
      62
      75
      79
      86
      75
      96
      98
      99
      86
      94
      93
      81
     101
      94
      89
      96
      86
     106
     103
      88
      86
      83
      85
      84
      78
      90
      72
      84
     106
      91
      90
      91
     104
     100
      79
      82
      83
      77
      85
      98
     101
      75
      92
      92
      99
      96
     103
     120
     128
     130
     136
     171
     116
     134
     150
     175
     149
     173
     205
     166
     181
     196
     227
     215
     222
     210
     229
     211
     250
     251
     271
     291
     254
     236
     263
     245
     251
     261
     238
     239
     209
     207
     204
     183
     179
     205
     157
     163
     183
     137
     139
     126
     109
     115
     113
     103
     106
      82
      90
      72
      65
      84
      67
      59
      65
      63
      66
      73
      52
      50
      56
      72
      55
      55
      47
      55
      62
      60
      55
      55
      65
      58
      65
      46
      59
      53
      47
      53
      46
      45
      36
      51
      48
      37
      58
      72
      50
      43
      51
      54
      44
      48
      46
      36
      37
      40
      44
      39
      44
      38
      41
      42
      31
      30
      32
      39
      38
      31
      41
      41
      34
      33
      47
      23
      29
      45
      33
      26
      29
      46
      31
      38
      34
      34
      43
      36
      41
      48
      36
      28
      39
      26
      35
      48
      38
      34
      34
      40
      29
      36
      39
      33
      36
      22
      35
      27
      27
      39
      28
      29
      29
      33
      23
      29
      38
      37
      34
      36
      23
      28
      22
      35
      29
      30
      35
      46
      31
      32
      40
      34
      20
      35
      29
      36
      25
      31
      34
      21
      33
      29
      29
      35
      38
      30
      21
      35
      31
      29
      35
      29
      25
      21
      29
      28
      34
      21
      25
      28
      32
      25
      24
      31
      28
      39
      17
      31
      33
      29
      23
      34
      25
      28
      22
      22
      28
      32
      36
      30
      30
      26
      29
      17
      30
      29
      28
      34
      29
      22
      27
      25
      20
      24
      35
      35
      31
      28
      25
      28
      25
      24
      32
      29
      25
      26
      26
      27
      31
      32
      31
      29
      28
      35
      24
      25
      24
      23
      31
      27
      34
      14
      28
      26
      27
      24
      23
      34
      29
      26
      33
      29
      32
      36
      23
      32
      27
      29
      28
      29
      24
      21
      28
      33
      30
      22
      21
      26
      22
      28
      23
      23
      28
      21
      28
      25
      20
      32
      30
      28
      23
      16
      20
      24
      24
      18
      28
      19
      20
      22
      30
      30
      19
      26
      18
      21
      24
      32
      20
      17
      13
      24
      29
      27
      24
      16
      26
      25
      26
      22
      15
      21
      21
      27
      25
      16
      18
      21
      26
      25
      20
      30
      23
      22
      27
      25
      24
      24
      18
      16
      15
      17
      20
      14
      28
      19
      23
      20
      21
      14
      23
      20
      19
      23
      14
      25
      22
      23
      25
      19
      15
      22
      25
      17
      21
      18
      33
      18
      18
      15
      20
      19
      22
      17
      26
      22
      21
      18
      25
      24
      19
      22
      15
      29
      19
      33
      20
      16
      18
      18
      19
      23
      19
      22
      16
      18
      11
      23
      25
      22
      28
      21
      24
      20
      22
      20
      23
      11
      21
      17
      18
      18
      22
      17
      21
      15
      25
      22
      16
      16
      27
      20
      25
      13
      16
      31
      16
      22
      21
      18
      18
      19
      19
      13
      17
      18
      17
      21
      15
      24
      24
      25
      18
      21
      18
      14
      15
      25
      22
      12
      21
      12
      16
      19
      26
      14
      19
      15
      25
      16
      17
      16
      25
      18
      20
      18
      21
      24
      27
      27
      20
      23
      16
      19
      18
      17
      19
      20
      17
      21
      17
      11
      13
      16
      21
      21
      26
      20
      25
      19
      20
      22
      25
      19
      28
      16
      19
      27
      19
      21
      20
      32
      20
      18
      15
      19
      25
      19
      19
      27
      15
      14
      24
      11
      23
      28
      25
      25
      25
      19
      19
      18
      27
      23
      15
      16
      27
      23
      24
      23
      23
      28
      22
      28
      23
      27
      29
      18
      19
      18
      35
      24
      15
      23
      41
      22
      28
      21
      17
      29
      23
      26
      29
      27
      29
      23
      20
      28
      25
      30
      32
      41
      34
      22
      29
      24
      23
      24
      29
      30
      27
      23
      35
      31
      19
      22
      33
      27
      20
      27
      32
      26
      37
      25
      24
      23
      22
      31
      25
      21
      29
      21
      23
      29
      31
      22
      28
      21
      26
      30
      33
      19
      25
      26
      24
      15
      21
      26
      27
      20
      22
      21
      20
      22
      24
      20
      18
      25
      14
      11
      26
      22
      19
      26
      13
      17
      18
      21
      20
      22
      18
      17
      21
      11
      11
      17
      23
      17
      16
      22
      20
      26
      18
      14
      22
      19
      17
      18
      13
      12
      14
      17
      15
      22
      11
      24
      23
      22
      19
      11
      20
      22
      15
      19
      18
      17
      21
      24
      12
      22
      15
      17
      25
      14
      20
      25
      26
      17
      14
      23
      12
      20
      19
      17
      12
      20
      19
      15
      15
      16
      17
       8
      13
      20
      14
      18
      26
      11
      23
      13
      18
      16
      13
      23
      17
      13
      22
      18
       9
      16
      14
      12
      16
      21
      26
      13
      23
      24
      15
      18
      22
      19
      17
      20
      22
      21
      17
      17
      27
      16
      19
      16
      24
      20
      15
      23
      15
      15
      18
      27
      32
      31
      21
      25
      20
      17
      18
      24
      19
      16
      18
      18
      22
      21
      28
      25
      26
      18
      22
      21
      18
      21
      19
      21
      25
      24
      19
      31
      15
      26
      22
      24
      16
      23
      22
      25
      20
      17
      19
      22
      25
      21
      26
      32
      23
      24
      23
      20
      18
      31
      22
      28
      24
      21
      18
      25
      15
      22
      19
      24
      22
      32
      34
      31
      23
      24
      25
      20
      32
      28
      16
      17
      22
      29
      21
      25
      21
      22
      19
      21
      21
      25
      20
      23
      26
      23
      23
      25
      22
      26
      24
      21
      25
      20
      16
      28
      24
      28
      12
      23
      11
      23
      24
      24
      28
      19
      23
      23
      20
      16
      23
      22
      20
      19
      18
      13
      22
      25
      19
      20
      25
      29
      22
      16
      16
      25
      20
      18
      20
      21
      23
      15
      21
      12
      21
      19
      17
      20
      12
      17
      15
      26
      15
      15
      21
      17
      28
      16
      23
      16
      26
      19
      20
      18
      13
      23
      20
      14
      18
      18
      23
      24
      10
      16
      10
      18
      12
      18
      12
      12
      18
      21
      16
      16
      29
      13
      21
      17
      17
      15
      14
      27
      23
      14
      15
      22
      19
      17
      22
      16
      16
      17
      13
      11
      20
      16
      11
      26
      13
      16
      17
      15
      17
      24
      21
      14
      20
      21
      16
      17
      16
      19
      22
       9
      28
      20
      17
      17
      20
      18
      15
      12
      23
      16
      23
      24
      21
      15
      15
      13
      17
      15
      13
      15
      16
      14
       7
      20
       8
      11
      16
      13
      10
      15
       6
      12
      18
      17
      12
       8
      11
      17
      11
      11
      10
      13
      19
      13
      12
       5
       9
      12
      15
       5
      14
      14
      10
      14
      10
       9
      14
      17
      18
      13
      14
      15
       8
       7
      13
      13
      12
      15
       6
      10
      10
      13
      11
      13
       8
       5
      11
      12
      10
      10
      12
       8
       7
      14
      11
      13
      18
      13
      19
      13
       9
      19
      13
      15
       8
       9
       9
      13
      13
      11
       9
      19
      17
      18
      14
      16
      17
      11
      15
      16
      15
      22
      17
      14
      23
      24
      22
      14
      19
      24
      24
      30
      18
      28
      25
      29
      32
      22
      29
      23
      22
      30
      26
      34
      21
      35
      28
      38
      34
      29
      25
      35
      21
      33
      35
      29
      37
      33
      37
      47
      23
      42
      36
      36
      26
      33
      37
      38
      40
      29
      24
      31
      38
      45
      28
      30
      32
      32
      40
      36
      35
      46
      33
      40
      35
      34
      25
      36
      27
      34
      41
      32
      27
      41
      26
      29
      44
      30
      32
      41
      34
      48
      19
      26
      24
      17
      22
      24
      23
      26
      19
      38
      28
      24
      22
      32
      27
      16
      21
      26
      21
      23
      22
      12
      22
      17
      19
      16
      22
      10
      14
      25
      21
      21
      16
      22
      15
      18
      17
      12
      18
      13
      16
      15
      14
      19
       8
       8
      19
      18
      11
      12
       7
      11
      12
       8
       8
       6
       9
      11
      13
       3
       7
       8
       7
       9
      14
       6
      13
       7
      12
      11
       9
       5
       4
       8
       6
       4
      13
       8
       9
       6
       4
       5
       7
       9
       3
       7
       5
       9
       3
      10
       7
       6
       5
       7
       6
       6
       5
       8
       4
       1
       6
       4
       4
       5
       3
       3
       7
       3
       7
       5
       2
       3
       6
       5
      10
       5
       3
       6
       3
       2
       8
       3
       6
       9
       9
       3
       6
       3
       6
       6
       4
       2
       7
       6
       3
       6
       6
       2
       4
       6
       2
       4
       2
       2
       3
       6
       4
       6
       6
       3
       3
       4
       5
       2
       3
       5
       1
       4
       3
       3
       5
       6
       3
       5
       0
       5
       5
       4
       7
       4
       3
       9
       6
       2
       4
       3
       4
       1
       6
       5
       5
       4
       3
       5
       5
       9
       9
       4
       3
       7
       3
       8
       4
       6
       4
       8
       7
       6
       5
       3
       7
       3
       8
       7
       4
       5
       6
       3
       4
       4
       4
       3
       9
       4
       6
       8
       4
       9
       6
       5
       6
       5
       6
       4
      10
       5
       1
       5
       5
       6
       6
       5
      10
       2
       4
       4
       5
       5
       3
       8
       1
       6
       3
       3
       6
       2
       4
      12
       8
       7
       7
       2
       6
       7
       2
       6
       4
       3
       2
       4
       6
       3
       4
       4
       9
       8
       7
       3
       8
       5
      10
       3
       3
       4
       4
       8
       3
       2
       4
       3
       6
       2
       4
       3
       8
       1
       5
       3
       6
       4
       4
       6
       3
       3
       1
       5
       3
       7
       3
       4
       6
       5
       1
       5
       6
       2
       4
       5
       5
       2
       5
       6
       6
       3
       3
       2
       4
       6
       6
       5
       4
       5
       5
       2
       4
       3
       2
       2
       5
       6
       0
       0
       3
       4
       5
       2
       2
       3
       4
       3
       4
       3
       3
       4
       2
       5
       3
       2
       3
       2
       4
       4
       3
       3
       3
       1
       4
       0
       6
       0
       2
       1
       3
       3
       1
       0
       7
       1
       4
       2
       5
       2
       4
       0
       1
       3
       2
       3
       3
       3
       3
       4
       5
       2
       3
       2
       4
       8
       2
       3
       3
       3
       2
       1
       1
       7
       5
       3
       4
       2
       2
       2
       2
       3
       3
       1
       6
       3
       7
       1
       4
       4
       2
       3
       5
       2
       3
       7
       4
       5
       5
       3
       2
       1
       2
       4
       1
       3
       4
       5
       3
       3
       8
       3
       4
       6
       4
       2
       2
       2
       5
       4
       4
       4
       2
       3
       3
       5
       0
       6
       5
       2
       5
       1
       3
       4
       5
       4
       2
       3
       2
       2
       2
       3
       1
       5
       4
       2
       4
       3
       1
       2
       6
       1
       5
       4
       3
       7
       3
       3
       2
       3
       2
       3
       2
       5
       4
       3
       6
       2
       3
       4
       1
       0
       4
       2
       4
       2
       5
       5
       2
       3
       4
       6
       2
       6
       2
       4
       0
       2
       6
       3
       3
       2
       2
       4
       2
       6
       1
       5
       0
       0
       0
       0
       0
       0
       0
       0
       0
       0
       0
       0
       0
       0
       0
       0
       0
       0
       0
       0
       0
       0
       0
       0
       0
       0
       0
       0
       0
       0
       0
       0
       0
       0
       0
       0
       0
       0
       0
       0
       0
       0
       0
       0
       0
       0
       0
       0
       0
       0
       0
       0
       0
       0
       0
       0
       0
       0
       0
       0
       0
       0
       0
       0
       0
       0
       0
       0
       0
       0
       0
       0
       0
       0
       0
       0
       0
       0
       0
       0
       0
       0
       0
       0
       0
       0
       0
       0
       0
       0
$ROI:
2
10 10
1322 1501
$PRESETS:
Live Time
600000
0
$ENER_FIT:
0.000000 0.000000
$MCA_CAL:
3
0.000000E+000 0.000000E+000 0.000000E+000 
$SHAPE_CAL:
3
0.000000E+000 0.000000E+000 0.000000E+000
