$SPEC_ID:
Beryllilum 1 Calibration
$SPEC_REM:
DET# 1
DETDESC# SPL3-VDG-PC Easy-MCA-8k SN 15013759
AP# Maestro Version 7.01
$DATE_MEA:
10/12/2021 16:07:07
$MEAS_TIM:
510 511
$DATA:
0 2047
       0
       0
     223
    8489
    5688
    2263
    2473
     290
      20
       0
       0
       0
       0
       0
       0
       0
       0
       0
       0
       0
       0
       0
       1
       0
       0
       0
       0
       0
       0
       0
       0
       0
       0
       0
       0
       0
       0
       0
       0
       0
       0
       0
       0
       0
       0
       0
       0
       0
       0
       0
       0
       0
       0
       0
       0
       0
       0
       0
       0
       0
       0
       0
       0
       0
       0
       0
       0
       0
       0
       0
       0
       0
       0
       0
       0
       0
       0
       0
       0
       0
       0
       0
       0
       0
       0
       0
       0
       0
       0
       0
       0
       0
       0
       0
       0
       0
       0
       0
       0
       0
       0
       0
       0
       0
       0
       0
       0
       0
       0
       0
       0
       0
       0
       0
       0
       0
       1
       0
       0
       0
       0
       0
       0
       0
       0
       0
       0
       0
       0
       0
       0
       0
       0
       0
       0
       0
       0
       0
       0
       0
       0
       0
       0
       0
       0
       0
       0
       0
       0
       0
       0
       0
       0
       0
       1
       0
       0
       0
       0
       0
       0
       0
       0
       0
       0
       0
       0
       0
       0
       0
       0
       0
       0
       0
       0
       0
       0
       0
       0
       0
       0
       0
       0
       0
       0
       0
       0
       0
       0
       0
       0
       0
       0
       0
       0
       0
       0
       0
       0
       0
       0
       0
       0
       0
       0
       0
       0
       0
       0
       0
       0
       0
       0
       0
       0
       0
       1
       3
       4
      10
      16
      21
      34
      48
      57
      98
     108
     131
     157
     152
     189
     202
     207
     203
     228
     232
     202
     217
     214
     231
     230
     218
     261
     213
     234
     261
     228
     234
     205
     233
     252
     223
     216
     228
     216
     229
     233
     195
     233
     237
     261
     254
     246
     238
     258
     226
     219
     266
     269
     323
     312
     309
     322
     352
     365
     373
     380
     476
     502
     502
     502
     569
     583
     663
     688
     748
     762
     823
     842
     896
     904
     989
     966
    1027
    1057
    1093
    1102
    1111
    1194
    1137
    1158
    1111
    1089
    1093
    1021
    1040
    1015
    1010
    1016
     926
     898
     784
     793
     788
     706
     683
     643
     633
     565
     507
     477
     469
     445
     445
     350
     330
     319
     291
     301
     275
     268
     244
     220
     238
     256
     187
     215
     199
     186
     186
     177
     189
     189
     155
     170
     148
     160
     157
     150
     136
     156
     166
     137
     143
     137
     156
     163
     157
     149
     162
     162
     148
     117
     127
     121
     115
     130
     111
     120
     129
     125
     121
     116
     131
     114
     104
     117
     107
     111
     108
     108
     103
     112
      95
     110
      85
      80
      95
      97
      89
      98
      93
      94
      89
      88
      89
      75
      71
      83
      94
      89
      93
      81
      86
     111
      89
      69
      63
      82
      76
      84
      70
      97
      56
      74
      68
      87
      74
      74
      66
      80
      84
      79
      49
      70
      66
      73
      60
      66
      80
      67
      44
      66
      65
      88
      72
      77
      74
      56
      63
      61
      60
      52
      67
      64
      57
      48
      61
      61
      63
      62
      61
      65
      63
      71
      50
      59
      54
      53
      58
      71
      60
      46
      49
      54
      58
      53
      73
      50
      79
      56
      56
      49
      55
      64
      55
      60
      72
      50
      43
      52
      54
      74
      63
      56
      64
      53
      50
      51
      70
      59
      59
      77
      60
      56
      74
      58
      51
      62
      65
      46
      54
      63
      56
      71
      62
      39
      57
      50
      54
      61
      50
      41
      60
      65
      45
      56
      54
      38
      41
      58
      61
      46
      52
      40
      63
      59
      49
      45
      60
      46
      62
      55
      53
      73
      56
      58
      57
      57
      58
      54
      57
      57
      60
      41
      53
      49
      50
      53
      52
      57
      59
      61
      49
      38
      54
      54
      41
      49
      47
      46
      50
      54
      48
      61
      60
      41
      44
      37
      56
      47
      51
      46
      52
      59
      40
      49
      40
      43
      55
      40
      41
      58
      58
      57
      47
      57
      40
      65
      49
      42
      56
      50
      53
      47
      58
      43
      52
      50
      61
      51
      42
      48
      37
      62
      57
      51
      48
      43
      46
      55
      39
      51
      50
      38
      43
      44
      51
      43
      41
      48
      48
      38
      49
      41
      43
      54
      41
      56
      36
      53
      48
      52
      54
      42
      39
      41
      55
      40
      58
      52
      46
      53
      44
      63
      46
      49
      43
      42
      50
      55
      44
      60
      42
      51
      42
      51
      46
      40
      45
      52
      43
      56
      51
      52
      57
      43
      49
      42
      59
      49
      49
      46
      43
      50
      39
      46
      55
      39
      41
      49
      60
      49
      56
      60
      37
      40
      41
      49
      44
      47
      53
      55
      45
      36
      55
      53
      50
      42
      48
      57
      41
      51
      43
      51
      44
      53
      40
      39
      41
      54
      49
      46
      40
      58
      55
      52
      57
      43
      40
      52
      56
      40
      49
      48
      36
      48
      44
      46
      57
      49
      39
      49
      53
      52
      51
      43
      57
      53
      52
      62
      53
      56
      63
      39
      58
      39
      58
      58
      44
      52
      48
      63
      56
      61
      50
      54
      74
      60
      45
      59
      61
      55
      61
      76
      63
      62
      51
      59
      66
      59
      78
      63
      63
      63
      52
      67
      68
      64
      54
      71
      62
      66
      67
      44
      68
      72
      59
      72
      52
      63
      57
      56
      73
      55
      46
      53
      63
      65
      65
      56
      61
      55
      58
      55
      55
      54
      65
      51
      59
      60
      61
      58
      73
      76
      56
      42
      46
      41
      65
      70
      74
      65
      65
      65
      71
      68
      65
      57
      52
      60
      71
      65
      66
      78
      61
      62
      60
      61
      50
      47
      69
      66
      67
      63
      66
      65
      72
      65
      71
      55
      68
      68
      64
      54
      75
      59
      64
      69
      65
      67
      59
      62
      64
      61
      62
      67
      56
      56
      63
      56
      60
      73
      51
      55
      70
      62
      80
      64
      62
      56
      69
      61
      66
      51
      66
      61
      63
      60
      57
      54
      54
      60
      47
      62
      58
      63
      77
      45
      67
      63
      55
      56
      57
      62
      44
      59
      57
      68
      55
      66
      61
      52
      47
      50
      64
      59
      55
      49
      55
      55
      54
      57
      64
      55
      62
      55
      69
      62
      58
      49
      58
      47
      51
      52
      47
      53
      58
      54
      46
      54
      63
      50
      53
      55
      49
      58
      46
      54
      59
      53
      53
      52
      58
      58
      41
      56
      60
      39
      45
      53
      45
      49
      58
      48
      54
      52
      59
      49
      58
      53
      56
      49
      53
      58
      46
      65
      55
      53
      67
      50
      51
      53
      60
      65
      52
      47
      54
      55
      52
      56
      50
      48
      40
      64
      48
      52
      53
      64
      50
      58
      54
      48
      49
      58
      57
      46
      65
      59
      54
      60
      46
      40
      56
      70
      78
      51
      45
      49
      64
      74
      58
      59
      67
      48
      59
      51
      57
      55
      81
      40
      56
      77
      75
      63
      63
      51
      68
      65
      82
      56
      62
      71
      63
      76
      64
      82
      52
      63
      68
      71
      63
      68
      65
      73
      81
      64
      81
      61
      85
      91
      77
      80
      84
      80
      68
      81
      70
      75
      84
     101
      75
      86
      89
      89
      93
      80
      89
      94
     105
      79
      96
     105
      79
      70
      93
      90
      85
      91
      87
      90
      80
      86
      90
      95
      78
      96
      83
      82
      97
      89
      77
      89
      91
      79
      90
      94
      95
      79
      93
      76
      84
      91
      89
      91
      95
     104
      83
      90
      91
      87
      91
     100
      96
      78
      75
      66
      90
      85
      80
      94
      78
      77
      82
      89
      65
      80
      82
      76
      94
      79
      86
      78
      71
      81
      69
      77
      64
      85
      72
      63
      71
      81
      84
      85
      69
      77
      68
      84
      82
      58
      81
      68
      76
      65
      76
      59
      83
      71
      66
      65
      72
      69
      70
      79
      85
      73
      71
      61
      76
      62
      81
      72
      81
      64
      87
      75
      78
      58
      50
      74
      69
      83
      64
      88
      79
      74
      68
      74
      64
      59
      64
      68
      48
      75
      78
      66
      70
      59
      64
      66
      70
      56
      76
      62
      64
      62
      63
      80
      63
      68
      67
      72
      56
      70
      52
      63
      62
      71
      63
      56
      60
      57
      61
      73
      68
      54
      52
      47
      64
      55
      56
      59
      56
      53
      56
      67
      55
      49
      69
      54
      43
      61
      62
      42
      39
      40
      63
      43
      41
      37
      38
      44
      47
      48
      41
      45
      45
      45
      49
      46
      29
      43
      48
      47
      33
      30
      46
      45
      32
      34
      36
      31
      32
      35
      41
      46
      27
      40
      41
      55
      39
      36
      34
      46
      36
      56
      47
      44
      36
      52
      50
      45
      52
      39
      46
      51
      51
      47
      45
      61
      48
      40
      56
      58
      54
      63
      54
      57
      61
      69
      78
      88
      57
      78
      79
      73
      67
      94
      69
      83
      77
      82
      91
      92
      95
      93
      84
      99
     121
     106
     106
     117
     115
     124
     129
     107
     121
     115
     128
     127
     124
     130
     145
     134
     127
     147
     130
     125
     155
     160
     151
     142
     154
     155
     163
     142
     139
     142
     156
     141
     169
     184
     182
     188
     170
     181
     172
     160
     158
     171
     181
     178
     186
     180
     144
     157
     154
     155
     153
     149
     153
     156
     149
     150
     139
     158
     156
     156
     131
     151
     144
     138
     136
     139
     133
     132
     130
     128
     125
     125
     138
     121
     119
     115
     113
     105
     109
     108
     115
      99
     105
     102
     105
      90
      79
      94
      71
      79
      72
      85
      61
      77
      78
      98
      67
      63
      60
      71
      63
      67
      59
      77
      49
      61
      51
      55
      41
      52
      49
      50
      45
      37
      60
      37
      37
      38
      40
      44
      43
      33
      29
      33
      32
      31
      25
      23
      33
      25
      29
      21
      21
      17
      19
      18
      24
      22
      22
      22
      24
      13
      23
       9
      16
      15
      10
      12
      12
      13
      11
      14
       9
      15
      17
      13
      11
      19
      10
      11
      10
       8
       9
       4
       5
       7
       9
      14
       8
       6
       7
       9
       4
       7
       9
       3
       8
       6
       6
       7
       3
       5
       9
       2
       6
       7
       8
       8
       6
       4
       5
       6
       6
       3
       8
       7
       1
       6
       6
       7
       1
       2
       4
       4
       3
       5
       2
       3
       3
       3
       4
       3
       3
       2
       9
       1
       5
       6
       3
       4
       3
       0
       2
       1
       2
       2
       1
       6
       2
       3
       2
       2
       3
       0
       1
       1
       1
       1
       5
       3
       2
       1
       2
       2
       0
       1
       1
       2
       1
       2
       1
       1
       2
       1
       2
       0
       2
       1
       1
       1
       1
       0
       1
       0
       2
       6
       1
       2
       1
       0
       0
       0
       0
       0
       0
       4
       1
       2
       0
       1
       2
       0
       0
       4
       2
       0
       0
       0
       2
       1
       0
       1
       1
       0
       1
       1
       0
       0
       0
       0
       0
       0
       1
       2
       1
       1
       3
       0
       2
       1
       2
       2
       0
       2
       1
       0
       1
       1
       1
       0
       2
       3
       1
       1
       2
       1
       2
       3
       0
       0
       0
       0
       0
       3
       1
       1
       0
       0
       1
       0
       1
       0
       2
       0
       0
       1
       0
       0
       0
       1
       0
       0
       2
       0
       2
       0
       1
       0
       1
       1
       0
       0
       0
       0
       0
       2
       1
       4
       1
       1
       2
       2
       1
       1
       0
       0
       0
       1
       1
       0
       1
       1
       0
       1
       2
       2
       1
       2
       0
       0
       0
       3
       0
       2
       0
       0
       1
       0
       0
       1
       0
       2
       1
       1
       2
       1
       0
       0
       1
       1
       1
       0
       1
       1
       0
       2
       0
       2
       0
       0
       0
       1
       0
       2
       2
       1
       3
       0
       0
       0
       0
       1
       0
       1
       1
       0
       0
       0
       1
       1
       0
       2
       0
       1
       0
       0
       1
       2
       3
       2
       2
       2
       0
       0
       0
       2
       1
       2
       3
       1
       0
       0
       0
       1
       2
       1
       2
       0
       1
       0
       2
       1
       0
       0
       0
       2
       0
       3
       1
       0
       2
       1
       1
       3
       1
       0
       0
       0
       0
       0
       0
       1
       1
       0
       0
       1
       0
       0
       0
       0
       0
       1
       0
       1
       3
       0
       3
       0
       0
       0
       0
       1
       0
       0
       0
       1
       0
       1
       1
       1
       0
       2
       1
       0
       0
       2
       1
       1
       0
       0
       1
       0
       1
       2
       1
       0
       0
       0
       1
       1
       1
       0
       0
       1
       0
       0
       0
       1
       0
       0
       2
       1
       1
       0
       1
       2
       0
       2
       0
       2
       0
       2
       3
       1
       1
       0
       0
       1
       1
       0
       0
       0
       1
       1
       0
       0
       1
       0
       0
       1
       0
       2
       1
       0
       1
       1
       0
       0
       0
       0
       2
       0
       2
       1
       0
       1
       1
       1
       0
       1
       1
       1
       2
       0
       3
       0
       1
       0
       1
       0
       0
       0
       0
       0
       2
       2
       1
       1
       0
       1
       0
       0
       0
       0
       0
       0
       0
       0
       0
       1
       0
       0
       0
       0
       0
       0
       0
       0
       0
       0
       0
       0
       0
       0
       0
       0
       0
       0
       0
       0
       0
       0
       1
       0
       0
       0
       0
       0
       0
       0
       0
       0
       0
       0
       0
       0
       0
       0
       0
       0
       0
       0
       0
       0
       0
       0
       0
       0
       0
       0
       0
       0
       0
       0
       0
       0
       0
       0
       0
       0
       0
       0
       0
       0
       0
       0
       0
       0
       0
       0
       0
       0
       0
       0
       0
       0
       0
       0
       0
$ROI:
2
10 10
279 331
$PRESETS:
None
0
0
$ENER_FIT:
0.000000 0.000000
$MCA_CAL:
3
0.000000E+000 0.000000E+000 0.000000E+000 
$SHAPE_CAL:
3
0.000000E+000 0.000000E+000 0.000000E+000
