$SPEC_ID:
Beryllilum 1 Calibration
$SPEC_REM:
DET# 1
DETDESC# SPL3-VDG-PC Easy-MCA-8k SN 15013759
AP# Maestro Version 7.01
$DATE_MEA:
10/07/2021 15:51:00
$MEAS_TIM:
501 506
$DATA:
0 2047
       0
       0
    4927
   64214
   93958
   88384
  108410
    7285
     435
       6
       5
       3
       2
       0
       0
       1
       0
       1
       0
       0
       0
       1
       1
       0
       1
       0
       1
       3
       2
       2
       1
       1
       0
       0
       0
       1
       1
       0
       0
       0
       2
       0
       1
       0
       1
       0
       1
       2
       0
       1
       1
       1
       0
       1
       0
       2
       1
       0
       2
       1
       1
       0
       0
       0
       0
       1
       0
       1
       1
       0
       0
       1
       0
       0
       0
       1
       0
       2
       1
       0
       0
       0
       0
       1
       0
       0
       0
       1
       1
       1
       0
       0
       0
       2
       0
       0
       0
       2
       0
       1
       1
       1
       0
       0
       1
       0
       0
       0
       0
       1
       1
       0
       0
       0
       0
       0
       3
       0
       0
       1
       1
       1
       1
       0
       0
       0
       0
       0
       0
       1
       2
       0
       0
       0
       1
       0
       0
       0
       0
       0
       0
       0
       0
       1
       0
       0
       0
       0
       1
       0
       1
       1
       0
       1
       0
       1
       0
       0
       1
       1
       0
       0
       1
       0
       0
       0
       0
       0
       0
       0
       0
       1
       0
       0
       0
       0
       0
       1
       1
       0
       1
       0
       0
       1
       0
       0
       0
       0
       0
       0
       0
       0
       0
       0
       1
       0
       1
       0
       1
       0
       0
       0
       0
       0
       0
       0
       1
       1
       0
       0
       1
       1
       1
       1
       0
       0
       0
       0
       1
       1
       1
       3
       3
       3
       3
      15
      13
      14
      27
      21
      26
      37
      52
      46
      61
      69
      74
      96
      70
      77
      88
      75
      77
      83
      76
      72
      87
      74
      97
      75
      84
      82
      85
      84
      97
      66
      93
      72
      71
      80
      64
      68
      67
      80
      60
      70
      73
      67
      65
      81
      91
      77
      74
      76
      68
      71
      78
      73
      71
      87
      76
      88
      84
     102
     102
      97
     104
     102
     110
     113
     112
      97
     135
     136
     135
     135
     165
     164
     165
     143
     152
     147
     156
     167
     164
     155
     181
     145
     190
     155
     149
     136
     134
     146
     162
     158
     127
     122
     126
     151
     124
     114
     102
      87
      80
      86
     100
      78
      98
      90
      78
      75
      73
      66
      63
      57
      49
      57
      52
      53
      50
      48
      62
      64
      58
      50
      43
      51
      58
      37
      40
      51
      47
      48
      37
      49
      48
      57
      31
      34
      45
      35
      43
      49
      34
      37
      51
      48
      34
      47
      38
      38
      37
      38
      37
      42
      46
      29
      36
      35
      38
      33
      29
      50
      42
      29
      36
      38
      21
      49
      23
      40
      35
      34
      27
      27
      39
      31
      36
      32
      29
      32
      26
      30
      33
      40
      31
      46
      33
      24
      32
      20
      28
      24
      24
      28
      25
      25
      27
      36
      29
      23
      32
      27
      26
      21
      30
      33
      32
      20
      29
      21
      21
      24
      26
      29
      22
      26
      16
      23
      30
      27
      30
      22
      27
      22
      27
      17
      26
      29
      25
      24
      18
      26
      30
      17
      17
      34
      27
      31
      31
      29
      23
      21
      28
      23
      29
      26
      27
      19
      21
      27
      20
      27
      14
      17
      30
      21
      16
      26
      19
      25
      20
      29
      26
      26
      17
      18
      26
      26
      35
      24
      24
      26
      34
      24
      26
      26
      21
      25
      22
      20
      22
      16
      29
      22
      30
      21
      30
      24
      25
      26
      29
      24
      23
      23
      22
      30
      28
      23
      21
      23
      32
      27
      30
      21
      32
      23
      24
      20
      24
      21
      31
      27
      22
      29
      19
      21
      24
      29
      24
      25
      27
      24
      26
      21
      15
      20
       8
      21
      20
      24
      25
      19
      20
      23
      28
      24
      21
      23
      17
      24
      28
      22
      19
      23
      25
      28
      26
      20
      24
      26
      17
      21
      26
      23
      20
      20
      24
      17
      24
      15
      29
      13
      16
      23
      21
      19
      23
      23
      24
      21
      13
      20
      20
      17
      19
      19
      22
      24
      11
      31
      19
      18
      31
      28
      24
      18
      15
      16
      14
      17
      13
      16
      16
      14
      15
      24
      19
      23
      26
      14
      16
      19
      14
       8
      26
      16
      21
      15
      19
      28
      11
      21
      17
      16
      17
      14
      14
      20
      18
      27
      17
      11
      20
      17
      19
      13
      17
      27
      10
      18
      19
      24
      17
      15
      18
      14
      22
      25
      23
      14
      21
      18
      20
      18
      27
      19
      15
       6
      15
      21
      21
      21
      17
      23
      15
      18
      17
      24
      19
      16
      23
      13
      17
      13
      14
      13
      17
      19
      15
      10
      20
      18
      15
      14
      11
      24
      18
      18
      14
      16
      17
      19
      18
      20
      24
      14
      13
      18
      17
      10
      16
      13
      13
      23
      24
      24
      20
       8
      15
      22
      18
      24
      17
      13
      20
      14
      13
      13
      22
      20
      20
      22
      14
      15
      18
      18
      16
      18
      22
      21
      23
      25
      14
      20
      16
      21
      18
      16
      16
      19
      13
      14
      17
      15
      11
      13
      13
      20
      25
      25
      18
      17
      15
      19
      16
      13
      24
      19
      10
      13
      16
      14
      22
      13
      17
      16
      16
      17
      17
      13
       9
      18
      16
      24
      13
      10
      17
      21
      20
      20
      14
      20
      18
      12
      20
      15
       9
      17
      17
      16
      17
      14
      19
      22
      20
      20
      20
      13
      17
      20
      24
      14
      27
      30
      21
      20
      24
      16
      30
      14
      27
      13
      23
      20
      17
      16
      22
      18
      16
      23
      19
      21
      13
      23
      22
      21
      28
      18
      20
      16
      17
      11
      15
      27
      19
      20
      22
      23
      24
      20
      19
      23
      25
      29
      21
      30
      22
      21
      20
      22
      25
      32
      23
      22
      27
      20
      27
      24
      17
      10
      23
      19
      19
      18
      18
      25
      23
      22
      23
      27
      22
      21
      19
      33
      21
      20
      25
      24
      30
      21
      18
      20
      27
      17
      23
      25
      14
      18
      21
      23
      19
      21
      14
      22
      17
      15
      13
      14
      14
      21
      20
      14
      19
      14
      19
      15
      11
      15
      18
      15
      18
      10
      16
      18
      11
      20
      16
      13
       8
      15
      11
      14
       7
      17
      16
      20
      19
      10
      17
      17
      12
      21
      23
      20
      10
      14
      16
      16
      14
      15
       9
       9
      15
      11
      12
       9
      14
      10
      14
      15
      12
      15
      13
      11
      12
       7
      14
      13
      15
      16
      11
      14
      10
      10
       8
      14
      18
       7
      10
      16
      14
      14
      14
      17
      13
      13
      16
      11
      13
      21
      14
      11
      15
      14
      15
      17
      10
      11
      10
      15
      12
      11
      17
      16
      12
      13
      18
      16
       8
      18
      17
      19
      14
      24
      16
      13
      15
      17
      17
      21
      18
      12
      23
      16
      10
      14
      19
      12
      20
      22
      19
      22
      21
      29
      28
      22
      29
      21
      33
      30
      21
      19
      22
      23
      14
      23
      24
      20
      30
      26
      32
      35
      23
      21
      24
      20
      25
      21
      22
      25
      24
      27
      29
      17
      20
      20
      21
      20
      25
      20
      26
      19
      18
      19
      32
      17
      18
      27
      28
      19
      19
      16
      13
      15
      21
      18
      26
      18
      26
      20
      17
      21
      20
      24
      18
      18
      24
      15
      11
      10
      24
      18
      19
      12
      14
      15
      21
      15
      16
      20
      12
      13
      17
      16
      15
      19
      17
      17
      23
      13
      18
      16
      12
      14
      21
      24
      12
      11
      15
       6
      13
      18
      12
      13
      14
      24
      24
      18
      19
      15
      12
      17
       8
      15
      22
      12
      13
      20
      12
      15
      18
      15
      13
      19
      19
      15
      14
      17
      14
      21
      24
      16
      18
      16
      11
       8
      11
      20
      12
      14
      18
       7
      17
      12
      12
      12
      15
      16
      12
       7
      19
      14
      14
      17
       7
       7
      17
       8
       9
      14
      14
      16
      13
      14
      11
      12
       7
       9
      15
      11
      10
      13
      11
      15
      15
      10
      15
      10
      16
      12
       8
      10
      18
      14
      14
      12
      10
      11
       8
      18
       5
      13
      12
      10
      14
      11
       7
      12
       8
      14
      10
       7
      16
      14
      14
       9
      12
      17
      16
      15
      12
      11
       9
      12
       6
      10
      18
      19
      16
      16
       8
       9
      10
      12
      10
       6
      12
      14
      16
       9
      10
      10
      11
       8
      13
      13
      11
      10
      12
      13
      12
      10
      11
      14
      11
       7
      10
      11
       8
      10
      11
       9
      15
      12
       8
      10
      11
      11
       5
       8
      12
      10
      11
       5
       9
       8
       5
      11
      15
       8
      10
      11
      11
      11
      13
       5
      10
      10
       4
       9
      10
       9
      10
       9
       3
      12
       5
       2
      10
       8
       9
      10
       8
       9
       8
      12
       4
       8
       5
       8
      12
      11
      12
       9
       9
      10
       8
      11
       9
      11
      15
       9
       8
      14
      11
       9
      15
       6
      10
       8
       5
      10
       9
       7
      11
       9
      14
      10
      15
       9
      14
      19
      15
      20
       9
      10
      15
      16
      11
      13
      18
      23
      13
      17
      24
      23
      13
      14
      17
      13
      15
      21
      15
      15
      21
      11
      23
      20
      12
      18
      18
      20
      25
      17
      16
      13
      19
      18
      16
      24
      15
      20
      20
      19
      18
      26
      23
      24
      26
      18
      18
      19
      19
      17
      28
      19
      19
      33
      24
      25
      19
      19
      24
      24
      21
      34
      19
      17
      18
      13
      25
      18
      25
      18
      18
      22
      16
      14
      26
      17
      16
      17
      20
      20
      15
      19
      21
      21
      18
      23
      12
      11
      16
      10
      10
      22
      12
      14
      13
       8
      23
      13
      15
      15
      17
      12
       7
      15
      19
      11
      12
      13
       9
      11
      12
      11
       8
       9
      13
      15
      10
       6
       7
       7
       9
      11
       6
       6
       9
      12
       4
       9
      15
       7
      10
      11
       5
       6
       7
       6
      10
       8
      11
       6
      11
       5
       7
       3
       9
       5
       8
       6
       6
       9
       8
       5
       9
       8
       3
       9
       6
       9
       8
       6
       7
       6
       6
       3
       7
      10
       6
      10
       7
       6
       5
       9
      10
       5
      10
       7
       7
       5
       7
       5
       4
       3
      11
       7
       4
       6
       4
       3
       4
       6
       2
       3
       9
       7
      11
       4
       3
       4
       4
       7
       5
       3
       6
       6
       6
       5
       4
       4
       4
       6
       1
       7
       5
       7
       9
       3
       8
       5
       5
       2
       6
       3
       3
       6
       3
       7
       3
       7
       7
       5
       3
       5
       7
       3
       6
       2
       2
       3
       4
       6
       5
       7
       4
       8
       5
       5
       3
      10
       3
       3
       4
       7
       1
       5
       4
       5
       5
       5
       4
       3
       2
       5
       8
       4
       6
       5
       5
       4
       2
       2
       5
       6
       5
       3
       7
       6
       2
       9
       2
       6
       6
       3
       7
       6
       4
       4
       7
       7
       7
       4
       5
       9
       4
       5
       1
       7
       6
       6
       1
       7
       6
       4
       3
       3
       6
       6
       2
       8
       6
       7
       3
       8
       5
      10
       7
       5
       6
       6
       4
       7
       9
       8
       7
       8
       4
       5
       8
       3
       5
       8
       5
       0
       3
       7
       4
       6
       7
       5
       4
       2
       5
       9
       5
       5
       5
       9
       4
       3
       1
       3
       6
       7
       2
       2
       2
       6
       5
       6
       4
       5
       5
       3
       4
       7
       3
       5
       5
       4
       1
       4
       2
       4
       1
       3
       7
       3
       3
       3
       2
       3
       2
       3
       2
       1
       1
       4
       5
       1
       5
       4
       1
       4
       7
       2
       4
       4
       3
       7
       4
       8
       3
       3
       2
       4
       1
       5
       3
       1
       6
       2
       3
       3
       5
       3
       1
       5
       2
       7
       0
       2
       4
       2
       2
       7
       3
       2
       4
       1
       7
       3
       2
       5
       6
       2
       3
       2
       3
       3
       4
       3
       2
       9
       5
       4
       4
       2
       2
       6
       1
       3
       2
       4
       3
       3
       3
       3
       5
       4
       6
       4
       3
       4
       5
       3
       2
       6
       0
       3
       2
       4
       3
       6
       4
       1
       2
       5
       3
       3
       1
       4
       3
       1
       2
       4
       4
       3
       2
       3
       4
       6
       7
       3
       1
       2
       4
       4
       2
       3
       1
       9
       4
       2
       2
       5
       2
       5
       3
       2
       2
       6
       4
       4
       8
       2
       1
       4
       4
       5
       2
       5
       2
       1
       2
       3
       3
       2
       3
       3
       4
       3
       2
       1
       2
       6
       5
       1
       3
       1
       2
       1
       3
       1
       3
       3
       1
       5
       5
       1
       2
       2
       1
       6
       3
       3
       4
       1
       5
       3
       2
       4
       3
       5
       2
       3
       5
       4
       4
       2
       0
       1
       3
       0
       4
       2
       6
       4
       5
       2
       4
       4
       1
       7
       6
       3
       6
       2
       5
       3
       1
       4
       5
       2
       1
       0
       0
       0
       0
       0
       0
       0
       0
       0
       0
       0
       0
       0
       0
       0
       0
       0
       0
       0
       0
       0
       0
       0
       0
       0
       0
       0
       0
       0
       0
       0
       0
       0
       0
       0
       0
       0
       0
       0
       0
       0
       0
       0
       0
       0
       0
       0
       0
       0
       0
       0
       0
       0
       0
       0
       0
       0
       0
       0
       0
       0
       0
       0
       0
       0
       0
       0
       0
       0
       0
       0
       0
       0
       0
       0
       0
       0
       0
       0
       0
       0
       0
       0
       0
       0
       0
       0
       0
       0
$ROI:
1
10 10
$PRESETS:
Live Time
600000
0
$ENER_FIT:
0.000000 0.000000
$MCA_CAL:
3
0.000000E+000 0.000000E+000 0.000000E+000 
$SHAPE_CAL:
3
0.000000E+000 0.000000E+000 0.000000E+000
