$SPEC_ID:
Beryllilum 1 Calibration
$SPEC_REM:
DET# 1
DETDESC# SPL3-VDG-PC Easy-MCA-8k SN 15013759
AP# Maestro Version 7.01
$DATE_MEA:
10/12/2021 16:17:26
$MEAS_TIM:
606 608
$DATA:
0 2047
       0
       0
     515
   19608
   17579
   10218
   12316
    1091
      83
       1
       0
       0
       0
       1
       0
       0
       0
       0
       0
       0
       0
       0
       0
       0
       0
       0
       0
       0
       1
       1
       0
       0
       0
       0
       0
       0
       0
       0
       0
       0
       0
       1
       1
       1
       0
       0
       1
       0
       1
       0
       0
       0
       0
       0
       0
       1
       0
       1
       0
       0
       0
       0
       0
       1
       0
       0
       0
       1
       0
       0
       0
       0
       0
       0
       0
       0
       0
       0
       0
       0
       0
       0
       0
       1
       0
       0
       0
       0
       1
       0
       0
       0
       0
       0
       0
       0
       0
       0
       0
       0
       0
       0
       0
       0
       0
       0
       0
       0
       0
       0
       0
       0
       0
       1
       0
       0
       0
       0
       0
       0
       0
       0
       0
       0
       0
       0
       0
       0
       0
       0
       0
       0
       0
       0
       0
       0
       0
       0
       0
       0
       0
       0
       0
       0
       1
       0
       0
       1
       0
       0
       0
       0
       0
       0
       0
       0
       0
       0
       0
       0
       0
       0
       0
       0
       0
       1
       0
       0
       0
       0
       0
       0
       0
       0
       0
       1
       0
       0
       0
       0
       0
       0
       0
       0
       0
       0
       0
       0
       0
       0
       1
       0
       0
       0
       0
       0
       0
       0
       0
       1
       0
       0
       0
       0
       0
       0
       0
       0
       0
       2
       0
       0
       2
       1
       0
       4
       7
      12
      25
      22
      39
      49
      72
     104
     134
     206
     208
     262
     327
     320
     358
     378
     390
     381
     401
     405
     395
     450
     421
     465
     408
     412
     382
     435
     424
     413
     404
     414
     373
     437
     402
     413
     432
     413
     446
     416
     419
     374
     403
     437
     480
     415
     430
     442
     506
     474
     477
     523
     523
     555
     602
     584
     696
     706
     746
     718
     820
     878
     930
     986
    1045
    1136
    1164
    1286
    1356
    1398
    1568
    1556
    1639
    1616
    1780
    1950
    1851
    1950
    1948
    2043
    2009
    2035
    2160
    2041
    2080
    2024
    2003
    1959
    1986
    1943
    1852
    1831
    1706
    1699
    1511
    1520
    1425
    1352
    1255
    1225
    1120
    1083
     988
     906
     868
     860
     785
     707
     656
     645
     615
     541
     482
     470
     465
     472
     399
     380
     433
     329
     338
     373
     337
     339
     319
     309
     266
     297
     309
     286
     331
     251
     269
     289
     259
     273
     244
     274
     257
     248
     245
     226
     217
     239
     254
     223
     224
     218
     207
     204
     227
     210
     188
     180
     190
     194
     207
     183
     194
     159
     182
     159
     172
     189
     199
     153
     194
     157
     152
     147
     148
     137
     130
     141
     138
     149
     136
     143
     143
     123
     128
     137
     125
     130
     124
     115
     111
     104
     128
     119
     115
     122
     101
     106
     126
     107
     119
     125
      97
     107
     124
      97
     108
     100
     102
     104
      96
      99
      98
      91
     104
      91
      84
      87
      94
      81
      84
      98
      94
      81
      87
      94
      92
      83
      93
      89
      82
      87
      64
      82
      77
      79
      83
      76
      72
      64
      72
      81
      84
      76
      87
      76
      76
      62
      69
      72
      73
      82
      74
      69
      68
      77
      75
      78
      78
      76
      63
      62
      74
      73
      78
      56
      77
      67
      64
      59
      79
      68
      87
      79
      58
      67
      70
      62
      58
      75
      68
      64
      78
      65
      67
      73
      57
      52
      62
      73
      66
      64
      60
      65
      62
      68
      64
      73
      72
      66
      51
      72
      67
      62
      61
      65
      85
      64
      81
      54
      78
      65
      62
      65
      63
      76
      94
      69
      62
      59
      59
      56
      56
      74
      69
      69
      59
      70
      61
      56
      57
      60
      53
      64
      61
      76
      73
      70
      77
      65
      64
      68
      59
      62
      75
      64
      70
      52
      63
      61
      65
      54
      63
      68
      67
      78
      67
      59
      73
      64
      56
      51
      54
      65
      62
      77
      72
      70
      72
      71
      52
      74
      56
      67
      57
      67
      64
      55
      69
      58
      61
      61
      63
      62
      57
      55
      54
      67
      60
      51
      49
      67
      59
      56
      76
      60
      75
      66
      54
      57
      62
      57
      60
      55
      36
      53
      49
      59
      57
      54
      46
      63
      70
      57
      61
      47
      51
      58
      72
      57
      66
      57
      60
      50
      64
      35
      59
      56
      46
      56
      62
      59
      61
      62
      53
      71
      56
      72
      63
      60
      74
      52
      82
      53
      55
      57
      54
      62
      56
      54
      61
      59
      59
      49
      46
      58
      48
      53
      53
      54
      51
      51
      66
      62
      52
      66
      55
      64
      54
      46
      61
      42
      59
      62
      48
      66
      54
      64
      52
      48
      48
      49
      53
      45
      52
      50
      66
      50
      51
      55
      55
      52
      70
      52
      53
      48
      64
      52
      47
      64
      47
      56
      47
      47
      47
      61
      51
      58
      62
      69
      60
      56
      55
      53
      57
      63
      42
      52
      66
      60
      55
      65
      57
      68
      55
      56
      64
      44
      59
      53
      39
      82
      62
      65
      51
      61
      60
      49
      59
      72
      67
      74
      53
      63
      60
      60
      67
      64
      65
      66
      56
      57
      56
      67
      86
      63
      72
      85
      62
      66
      57
      59
      64
      65
      58
      70
      60
      63
      61
      79
      82
      62
      55
      79
      62
      77
      52
      56
      76
      62
      78
      69
      67
      60
      57
      64
      65
      79
      52
      79
      66
      66
      85
      63
      58
      62
      68
      63
      63
      70
      72
      73
      80
      65
      84
      69
      63
      67
      71
      58
      60
      68
      57
      78
      72
      68
      81
      66
      73
      64
      70
      74
      68
      80
      54
      74
      77
      70
      70
      83
      78
      62
      71
      71
      70
      74
      74
      84
      81
      70
      82
      92
      84
      79
      74
      66
      76
      72
      78
      67
      84
      71
      65
      72
      59
      77
      66
      54
      78
      65
      79
      75
      62
      82
      68
      53
      63
      48
      53
      85
      58
      68
      55
      58
      69
      60
      61
      73
      76
      63
      68
      59
      66
      59
      57
      67
      57
      61
      68
      57
      55
      64
      61
      62
      68
      69
      54
      58
      60
      67
      57
      63
      68
      69
      65
      72
      55
      79
      60
      53
      56
      79
      52
      49
      65
      67
      65
      51
      60
      49
      52
      49
      59
      59
      66
      55
      55
      60
      71
      46
      55
      47
      56
      48
      66
      59
      47
      67
      67
      57
      57
      54
      48
      63
      53
      67
      70
      60
      59
      58
      53
      54
      69
      43
      56
      54
      66
      55
      62
      63
      55
      61
      66
      54
      45
      55
      55
      59
      50
      63
      68
      53
      61
      40
      61
      63
      64
      48
      67
      49
      60
      59
      59
      61
      58
      53
      59
      47
      52
      42
      63
      50
      59
      56
      62
      70
      51
      65
      53
      62
      63
      59
      63
      62
      51
      59
      66
      74
      61
      77
      57
      67
      70
      59
      64
      68
      64
      58
      67
      56
      61
      65
      59
      61
      66
      71
      69
      59
      66
      77
      70
      65
      72
      65
      73
      82
      65
      59
      76
      65
      81
      59
      49
      84
      73
      80
      75
      65
      86
      72
      69
      95
      70
      84
      75
      87
      90
      84
      73
      88
      89
      86
      90
      72
      98
      84
      93
      85
      97
      81
      87
      80
     100
      90
     115
      91
      76
      96
      82
      87
      90
      97
     104
      85
      88
     105
      78
      83
      98
      85
      92
      87
     112
     106
      96
     106
      91
      84
      80
      93
      95
      91
      96
      98
     100
      88
      99
     104
      91
      87
      98
      92
      92
      82
      80
      89
     102
      81
      93
      92
      92
      77
      85
      91
      90
      99
      86
      93
      73
      83
      77
      93
      88
      73
      97
      70
      75
      74
      82
      83
      80
      89
      87
      76
      91
      86
      80
      86
      84
      83
      90
      87
      66
      69
      94
      70
      68
      63
      71
      68
      74
      82
      86
      83
      70
      70
      72
      67
      71
      70
      76
      75
      87
      72
      72
      81
      80
      56
      89
      75
      84
      75
      77
      81
      67
      55
      65
      68
      64
      70
      60
      65
      71
      72
      75
      74
      83
      74
      69
      50
      65
      70
      63
      51
      67
      72
      59
      75
      69
      54
      51
      67
      72
      50
      73
      62
      57
      60
      63
      59
      56
      53
      53
      54
      64
      61
      42
      70
      61
      48
      59
      52
      51
      57
      58
      56
      57
      53
      56
      49
      56
      51
      47
      53
      45
      39
      38
      52
      46
      44
      44
      49
      47
      28
      40
      47
      48
      39
      34
      44
      48
      52
      50
      53
      57
      55
      45
      37
      49
      41
      45
      47
      31
      46
      57
      44
      52
      41
      45
      53
      32
      34
      45
      36
      46
      56
      54
      53
      48
      55
      44
      39
      44
      51
      56
      50
      55
      51
      58
      55
      58
      54
      60
      50
      61
      69
      54
      69
      52
      60
      91
      72
      67
      67
      76
      74
      78
     100
      89
      81
      80
      88
      86
      95
      84
     106
      91
     113
     111
     102
     116
     116
     115
     121
     126
     139
     134
     120
     143
     142
     107
     137
     132
     134
     116
     129
     134
     139
     130
     158
     158
     140
     180
     135
     154
     172
     179
     171
     157
     147
     160
     144
     158
     179
     175
     153
     160
     156
     173
     195
     163
     179
     181
     168
     145
     173
     151
     159
     162
     135
     163
     178
     170
     153
     175
     159
     161
     150
     149
     152
     143
     163
     130
     151
     142
     142
     148
     120
     151
     127
     114
     113
     120
     122
     123
     116
     108
      92
     102
      97
     112
      99
      95
     100
      95
      89
      80
      98
      92
      81
      76
      76
      77
      55
      75
      74
      77
      79
      59
      64
      77
      55
      46
      48
      63
      52
      42
      38
      59
      46
      41
      55
      53
      44
      46
      36
      48
      33
      36
      29
      25
      35
      31
      36
      28
      30
      34
      31
      35
      29
      24
      23
      23
      27
      23
      17
      19
      21
      18
      16
      20
      15
      19
      15
      17
      18
      14
      11
      17
      14
      15
      18
      15
      14
       9
       7
       8
      16
      13
      11
       7
       9
      15
      14
      11
       9
       5
       6
       9
       6
       5
      13
      10
      10
       7
       8
       9
       5
       7
       8
       6
      11
       7
      16
      13
       8
      10
       5
       9
       5
       6
       4
       8
       6
       9
       9
       5
       9
       5
       6
       6
       6
       5
       4
       4
       6
       5
       2
       2
       4
       7
       2
       4
       4
       2
       4
       4
       3
       2
       3
       3
       3
       5
       1
       5
       2
       2
       3
       5
       1
       3
       2
       2
       3
       2
       6
       0
       6
       3
       3
       0
       3
       1
       3
       1
       1
       4
       4
       1
       0
       4
       0
       3
       2
       2
       2
       2
       1
       3
       0
       2
       1
       1
       0
       2
       1
       2
       1
       0
       3
       0
       0
       2
       5
       3
       2
       2
       2
       0
       0
       3
       2
       3
       2
       3
       2
       1
       3
       0
       2
       0
       1
       2
       1
       1
       0
       1
       1
       2
       0
       0
       1
       0
       2
       3
       4
       0
       3
       1
       2
       2
       0
       0
       1
       2
       0
       4
       3
       0
       0
       1
       1
       0
       2
       1
       1
       2
       1
       2
       1
       1
       1
       2
       1
       0
       1
       2
       3
       0
       2
       0
       0
       0
       2
       1
       2
       0
       0
       1
       1
       1
       2
       1
       1
       1
       3
       1
       1
       1
       0
       1
       0
       1
       2
       1
       1
       1
       2
       1
       0
       0
       1
       1
       2
       0
       2
       2
       1
       3
       1
       2
       3
       0
       1
       0
       2
       2
       2
       1
       1
       3
       0
       0
       1
       0
       1
       0
       0
       0
       2
       3
       0
       2
       3
       1
       0
       0
       1
       2
       1
       0
       1
       1
       0
       3
       1
       1
       0
       4
       4
       2
       1
       2
       3
       1
       2
       2
       2
       0
       2
       1
       1
       2
       1
       0
       0
       0
       0
       0
       1
       0
       1
       3
       1
       0
       2
       1
       3
       0
       1
       2
       0
       2
       0
       1
       0
       2
       0
       1
       2
       2
       3
       1
       1
       3
       1
       2
       0
       0
       0
       2
       2
       2
       2
       1
       2
       3
       0
       0
       0
       1
       2
       0
       2
       1
       0
       0
       0
       0
       1
       0
       1
       1
       2
       0
       1
       0
       3
       2
       1
       0
       1
       0
       0
       1
       1
       0
       1
       1
       0
       1
       0
       0
       1
       1
       0
       1
       3
       1
       2
       0
       1
       4
       0
       0
       3
       1
       1
       2
       0
       1
       0
       0
       1
       1
       2
       0
       1
       1
       0
       0
       0
       5
       0
       1
       1
       2
       2
       4
       0
       1
       1
       1
       1
       0
       0
       0
       0
       3
       0
       1
       1
       1
       1
       3
       0
       3
       1
       3
       4
       2
       2
       2
       1
       0
       0
       3
       0
       1
       1
       0
       1
       0
       2
       0
       2
       1
       1
       1
       0
       1
       1
       1
       0
       1
       0
       3
       1
       3
       1
       2
       0
       2
       2
       0
       1
       0
       3
       0
       0
       1
       3
       1
       1
       0
       1
       0
       0
       0
       0
       0
       0
       0
       0
       0
       0
       0
       0
       0
       0
       0
       0
       0
       0
       0
       0
       0
       0
       0
       0
       0
       0
       0
       0
       0
       0
       0
       0
       0
       0
       0
       0
       0
       0
       0
       0
       0
       0
       0
       0
       0
       0
       0
       0
       0
       0
       0
       0
       0
       0
       0
       0
       0
       0
       0
       0
       0
       0
       0
       0
       0
       0
       0
       0
       0
       0
       0
       0
       0
       0
       0
       0
       0
       0
       0
       0
       0
       0
       0
       0
       0
       0
       0
       0
       0
       0
$ROI:
2
10 10
279 331
$PRESETS:
None
0
0
$ENER_FIT:
0.000000 0.000000
$MCA_CAL:
3
0.000000E+000 0.000000E+000 0.000000E+000 
$SHAPE_CAL:
3
0.000000E+000 0.000000E+000 0.000000E+000
