$SPEC_ID:
Beryllilum 1 Calibration
$SPEC_REM:
DET# 1
DETDESC# SPL3-VDG-PC Easy-MCA-8k SN 15013759
AP# Maestro Version 7.01
$DATE_MEA:
10/12/2021 16:28:12
$MEAS_TIM:
461 462
$DATA:
0 2047
       0
       0
     222
    9408
    8670
    5139
    6151
     510
      43
       1
       0
       1
       0
       0
       0
       0
       0
       0
       0
       0
       0
       0
       1
       0
       0
       0
       1
       2
       0
       0
       0
       1
       0
       1
       0
       0
       0
       0
       1
       1
       0
       0
       0
       0
       0
       0
       0
       0
       0
       0
       0
       0
       0
       0
       0
       0
       0
       0
       0
       0
       0
       0
       0
       0
       0
       0
       0
       0
       0
       0
       0
       0
       0
       0
       0
       0
       0
       0
       0
       0
       0
       0
       0
       0
       0
       0
       0
       0
       0
       1
       0
       0
       0
       0
       0
       0
       0
       0
       0
       0
       0
       0
       0
       1
       0
       0
       0
       0
       0
       1
       0
       0
       0
       0
       0
       0
       0
       0
       0
       0
       0
       0
       0
       0
       0
       0
       0
       0
       0
       0
       1
       0
       0
       0
       0
       0
       0
       1
       0
       0
       1
       0
       0
       0
       0
       0
       0
       0
       0
       0
       0
       0
       0
       0
       0
       0
       1
       0
       0
       0
       0
       0
       0
       0
       0
       0
       0
       1
       0
       0
       0
       0
       0
       0
       0
       0
       0
       0
       0
       0
       0
       0
       0
       1
       0
       0
       0
       1
       0
       1
       0
       0
       0
       0
       0
       0
       0
       0
       0
       0
       0
       0
       0
       1
       0
       0
       0
       0
       0
       0
       0
       0
       0
       0
       2
       2
       2
       4
       5
      10
      13
      17
      28
      42
      60
      77
      93
     144
     156
     186
     191
     214
     206
     237
     229
     243
     245
     260
     235
     273
     260
     268
     226
     266
     255
     251
     246
     225
     245
     217
     220
     258
     267
     262
     263
     269
     257
     243
     257
     251
     258
     276
     276
     273
     311
     281
     260
     306
     302
     346
     314
     377
     362
     380
     408
     473
     445
     497
     544
     569
     576
     670
     693
     723
     769
     835
     838
     916
     980
     994
    1066
    1076
    1133
    1137
    1180
    1289
    1204
    1242
    1318
    1278
    1281
    1277
    1252
    1241
    1255
    1221
    1201
    1182
    1142
    1046
     999
    1010
     931
     875
     874
     786
     801
     706
     650
     562
     610
     543
     469
     500
     424
     396
     393
     347
     315
     300
     251
     281
     257
     240
     242
     242
     210
     181
     188
     180
     207
     200
     213
     177
     181
     167
     208
     167
     135
     141
     134
     162
     136
     161
     133
     147
     158
     139
     150
     147
     146
     142
     133
     124
     137
     143
     128
     131
     121
     126
     132
     114
     111
     123
     128
     120
     126
      95
     125
     126
     124
      99
      99
     106
     106
      93
     108
      98
     116
      87
      87
      87
      86
      99
      97
      84
      90
      83
     107
      75
      87
      88
      63
      84
     102
      95
      79
      70
      87
      63
      68
      76
      81
      90
      75
      71
      68
      86
      85
      71
      77
      73
      72
      81
      67
      80
      75
      71
      64
      66
      68
      72
      66
      74
      66
      71
      67
      71
      67
      65
      74
      75
      65
      56
      74
      59
      69
      56
      54
      46
      66
      71
      73
      57
      69
      53
      62
      61
      71
      62
      64
      57
      57
      52
      64
      67
      46
      62
      66
      60
      56
      58
      57
      47
      68
      45
      69
      69
      63
      56
      43
      56
      41
      57
      54
      49
      63
      59
      63
      61
      60
      61
      50
      61
      64
      55
      59
      62
      41
      65
      57
      54
      54
      55
      59
      60
      52
      44
      68
      60
      54
      41
      57
      57
      51
      54
      55
      55
      51
      60
      44
      64
      61
      49
      52
      61
      49
      64
      58
      52
      47
      40
      56
      64
      48
      52
      44
      65
      47
      53
      63
      59
      59
      49
      44
      49
      46
      61
      54
      60
      58
      68
      61
      46
      47
      50
      57
      49
      50
      49
      50
      53
      49
      55
      50
      50
      51
      37
      57
      57
      66
      56
      53
      58
      46
      48
      47
      49
      51
      62
      50
      53
      42
      49
      55
      44
      58
      57
      64
      44
      47
      56
      59
      35
      44
      52
      53
      57
      57
      48
      52
      47
      31
      48
      42
      47
      53
      52
      51
      62
      69
      60
      50
      41
      47
      55
      51
      53
      55
      50
      57
      48
      50
      53
      51
      46
      56
      56
      55
      44
      44
      52
      52
      63
      54
      48
      41
      60
      56
      62
      45
      56
      52
      49
      56
      59
      46
      53
      43
      51
      48
      46
      55
      50
      49
      54
      46
      47
      58
      53
      50
      51
      43
      54
      40
      46
      58
      46
      42
      44
      51
      57
      59
      46
      53
      48
      52
      49
      55
      46
      53
      44
      52
      45
      56
      65
      54
      55
      56
      50
      38
      47
      52
      54
      50
      54
      57
      61
      38
      61
      45
      65
      54
      37
      55
      41
      55
      52
      56
      57
      37
      55
      65
      43
      40
      63
      37
      55
      54
      37
      29
      41
      39
      53
      51
      44
      48
      56
      44
      49
      51
      40
      42
      47
      54
      52
      57
      48
      54
      56
      62
      46
      42
      63
      62
      51
      52
      58
      62
      59
      62
      56
      54
      59
      45
      48
      45
      54
      54
      56
      40
      68
      63
      49
      50
      68
      48
      52
      57
      46
      54
      57
      54
      55
      65
      66
      67
      60
      54
      54
      51
      67
      66
      66
      72
      50
      66
      70
      60
      75
      70
      62
      60
      59
      64
      64
      62
      53
      49
      67
      77
      79
      60
      61
      67
      75
      80
      72
      53
      63
      63
      48
      67
      86
      61
      75
      64
      58
      64
      74
      61
      68
      61
      64
      67
      65
      68
      59
      72
      51
      58
      63
      63
      86
      66
      61
      55
      67
      57
      74
      50
      63
      66
      55
      70
      58
      61
      65
      68
      67
      65
      63
      54
      64
      62
      59
      72
      68
      63
      58
      57
      58
      60
      56
      63
      61
      68
      64
      57
      60
      74
      74
      71
      67
      52
      57
      58
      68
      66
      58
      55
      72
      77
      67
      64
      51
      72
      55
      60
      52
      66
      58
      71
      53
      63
      64
      64
      55
      47
      53
      62
      68
      71
      60
      46
      50
      58
      57
      48
      48
      59
      65
      62
      49
      57
      66
      56
      60
      70
      58
      53
      60
      59
      52
      55
      50
      61
      41
      66
      58
      45
      43
      60
      74
      61
      54
      72
      47
      52
      56
      46
      66
      70
      49
      52
      52
      54
      69
      63
      65
      61
      56
      59
      54
      49
      48
      55
      62
      59
      48
      59
      77
      69
      59
      54
      55
      60
      40
      53
      48
      56
      58
      54
      60
      68
      52
      54
      59
      58
      64
      55
      55
      60
      43
      54
      62
      63
      50
      63
      52
      58
      46
      62
      51
      50
      62
      63
      55
      54
      57
      59
      53
      55
      63
      74
      67
      52
      61
      52
      47
      58
      50
      44
      48
      54
      49
      42
      72
      79
      66
      60
      60
      55
      72
      51
      60
      64
      64
      62
      60
      70
      73
      68
      74
      70
      57
      79
      52
      58
      53
      56
      73
      61
      58
      78
      66
      75
      68
      67
      63
      84
      86
      75
      69
      69
      89
      79
      77
      73
      83
      70
      96
      88
      78
      76
      69
      72
      78
      81
      80
      73
      71
      96
      77
      88
      88
      86
      67
      82
      86
      91
      91
      81
      96
      89
      94
      92
     101
     102
      77
      84
     109
      91
      75
      86
      77
      82
      84
      99
      99
      80
      93
     102
      99
      86
      95
      94
      92
      81
     110
      91
      81
      82
      88
      91
     100
      92
      94
      92
      84
      88
     101
      77
      90
      95
      65
      84
      89
      81
     109
      92
      84
      75
      91
      91
      87
      92
      77
      85
      70
      76
      71
      71
      80
      89
      61
      90
      80
      72
      68
      72
      89
      78
      72
      70
      76
      74
      77
      80
      82
      83
      88
      78
      72
      64
      69
      87
      69
      75
      68
      63
      69
      92
      74
      76
      58
      67
      62
      64
      66
      80
      66
      80
      57
      86
      68
      76
      85
      78
      81
      87
      74
      70
      56
      64
      75
      65
      76
      64
      65
      64
      59
      67
      60
      80
      78
      88
      76
      68
      71
      54
      78
      65
      75
      70
      62
      63
      63
      72
      71
      64
      76
      68
      81
      66
      66
      51
      60
      52
      65
      43
      56
      65
      64
      57
      71
      74
      68
      44
      63
      63
      57
      52
      50
      46
      60
      61
      46
      52
      60
      41
      51
      53
      50
      50
      47
      47
      39
      53
      44
      51
      41
      47
      47
      48
      49
      48
      38
      40
      49
      42
      38
      56
      45
      47
      38
      36
      46
      41
      37
      45
      38
      43
      33
      36
      43
      37
      43
      46
      31
      48
      34
      46
      45
      31
      51
      35
      36
      41
      46
      30
      38
      40
      39
      43
      29
      41
      53
      60
      54
      46
      46
      60
      55
      46
      52
      48
      60
      57
      61
      68
      72
      61
      69
      71
      73
      79
      71
      67
      88
      91
     103
      90
      89
      87
      94
      82
     101
      84
      97
     105
     105
     108
     114
     113
     106
     128
     101
     110
     131
     137
     105
     147
     127
     133
     127
     143
     125
     132
     139
     132
     133
     151
     170
     179
     147
     165
     162
     171
     177
     119
     148
     160
     153
     156
     164
     153
     167
     167
     157
     163
     160
     174
     175
     167
     145
     171
     150
     154
     163
     156
     161
     173
     161
     136
     158
     171
     153
     147
     151
     135
     149
     158
     140
     157
     150
     128
     139
     141
     132
     141
     136
     137
     117
     120
     135
     106
     119
     109
     116
      99
     107
     100
      99
     105
      81
      90
     112
     103
     106
      97
      96
      82
      91
      74
      82
      71
      72
      80
      71
      57
      63
      75
      67
      53
      55
      57
      45
      61
      45
      37
      52
      40
      48
      66
      44
      41
      46
      29
      25
      23
      46
      37
      34
      26
      25
      35
      30
      24
      23
      23
      29
      30
      17
      18
      25
      20
      27
      21
      19
      21
      13
      19
      16
      16
      16
      20
      11
      10
      10
      10
       7
      13
       8
       7
       3
      14
      10
      13
      13
      17
       7
      12
       9
       7
      11
      10
      11
      16
       9
       8
       6
       6
       6
      11
       5
       2
      12
       5
       4
       5
       6
       4
       9
       5
       3
       6
       4
      10
       8
       6
       7
       5
       1
       9
      10
       6
       2
       5
       3
       6
       2
       7
       3
       6
       0
       1
       2
       3
       3
       8
       6
       3
       4
       2
       1
       6
       1
       3
       2
       5
       9
       4
       1
       2
       3
       2
       1
       2
       3
       3
       3
       2
       2
       3
       2
       2
       1
       1
       1
       3
       2
       5
       4
       4
       3
       0
       1
       0
       3
       0
       1
       0
       2
       1
       2
       2
       3
       0
       1
       6
       1
       2
       1
       1
       1
       2
       3
       2
       1
       0
       1
       0
       3
       1
       2
       3
       2
       3
       0
       1
       1
       0
       3
       2
       1
       1
       1
       1
       1
       2
       0
       3
       0
       0
       0
       3
       0
       3
       0
       0
       3
       1
       0
       0
       1
       2
       2
       1
       2
       1
       2
       3
       4
       0
       2
       2
       1
       2
       4
       4
       3
       2
       1
       0
       2
       1
       1
       0
       2
       1
       1
       3
       3
       2
       1
       1
       2
       1
       1
       3
       2
       1
       3
       2
       0
       2
       1
       4
       0
       3
       1
       5
       0
       1
       2
       3
       1
       1
       1
       4
       0
       3
       1
       1
       0
       0
       1
       4
       1
       1
       2
       3
       2
       2
       1
       2
       3
       1
       5
       2
       1
       2
       1
       2
       2
       4
       1
       2
       1
       1
       1
       1
       0
       1
       2
       2
       0
       2
       2
       0
       2
       3
       1
       0
       1
       0
       2
       2
       0
       1
       2
       5
       0
       0
       1
       0
       1
       3
       3
       2
       1
       1
       1
       2
       1
       1
       0
       0
       2
       3
       1
       2
       0
       1
       1
       1
       2
       0
       4
       1
       0
       1
       2
       4
       2
       0
       0
       0
       1
       1
       3
       1
       1
       0
       2
       0
       2
       1
       1
       0
       0
       3
       2
       0
       1
       0
       2
       1
       0
       1
       1
       1
       1
       2
       2
       0
       0
       2
       0
       2
       2
       1
       2
       1
       6
       3
       1
       0
       1
       1
       1
       2
       2
       3
       0
       0
       0
       2
       1
       0
       1
       1
       1
       2
       0
       3
       2
       0
       0
       3
       0
       1
       0
       1
       0
       3
       1
       3
       2
       0
       2
       1
       1
       2
       1
       3
       2
       1
       2
       2
       0
       1
       1
       0
       1
       1
       2
       1
       2
       1
       3
       3
       0
       2
       2
       0
       0
       0
       0
       0
       1
       2
       1
       5
       1
       1
       0
       2
       1
       1
       1
       2
       2
       1
       1
       1
       2
       1
       1
       1
       0
       1
       0
       0
       4
       2
       0
       2
       1
       1
       1
       3
       2
       2
       1
       2
       1
       2
       2
       1
       0
       1
       1
       1
       1
       1
       1
       2
       4
       2
       1
       1
       2
       2
       3
       1
       1
       3
       2
       4
       1
       1
       3
       0
       1
       2
       0
       2
       0
       0
       0
       0
       0
       0
       0
       0
       0
       0
       0
       0
       0
       0
       0
       0
       0
       0
       0
       0
       0
       0
       0
       0
       0
       0
       0
       0
       0
       0
       0
       0
       0
       0
       0
       0
       0
       0
       0
       0
       0
       0
       0
       0
       0
       0
       0
       0
       0
       0
       0
       0
       0
       0
       0
       0
       0
       0
       0
       0
       0
       0
       0
       0
       0
       0
       0
       0
       0
       0
       0
       0
       0
       0
       0
       0
       0
       0
       0
       0
       0
       0
       0
       0
       0
       0
       0
       0
       0
$ROI:
2
10 10
279 331
$PRESETS:
None
0
0
$ENER_FIT:
0.000000 0.000000
$MCA_CAL:
3
0.000000E+000 0.000000E+000 0.000000E+000 
$SHAPE_CAL:
3
0.000000E+000 0.000000E+000 0.000000E+000
