$SPEC_ID:
Beryllilum 1 Calibration
$SPEC_REM:
DET# 1
DETDESC# SPL3-VDG-PC Easy-MCA-8k SN 15013759
AP# Maestro Version 7.01
$DATE_MEA:
10/04/2021 14:13:38
$MEAS_TIM:
203 205
$DATA:
0 2047
       0
       0
       1
    2806
    2387
     554
     245
       2
       0
       0
       0
       0
       0
       0
       0
       0
       0
       0
       0
       0
       0
       0
       0
       0
       0
       0
       0
       0
       0
       0
       0
       0
       0
       0
       0
       0
       0
       0
       0
       0
       0
       0
       0
       0
       1
       0
       0
       0
       0
       0
       0
       0
       0
       0
       0
       0
       0
       0
       0
       0
       0
       0
       0
       0
       0
       0
       0
       0
       0
       0
       0
       0
       0
       0
       0
       0
       0
       0
       0
       0
       0
       0
       0
       0
       0
       0
       0
       0
       0
       0
       0
       0
       0
       0
       0
       0
       0
       0
       0
       0
       0
       0
       1
       0
       0
       0
       0
       0
       0
       0
       0
       0
       0
       0
       0
       0
       0
       0
       0
       0
       0
       0
       0
       0
       0
       0
       0
       0
       0
       0
       0
       0
       0
       0
       0
       0
       0
       0
       0
       0
       0
       0
       0
       0
       0
       0
       0
       0
       0
       0
       0
       0
       0
       0
       0
       0
       0
       0
       0
       0
       0
       0
       0
       0
       0
       0
       0
       0
       0
       0
       0
       0
       0
       0
       0
       0
       0
       0
       0
       0
       0
       0
       0
       0
       0
       0
       0
       0
       0
       0
       0
       0
       0
       0
       0
       0
       1
       0
       0
       0
       0
       0
       0
       0
       0
       0
       0
       0
       0
       0
       0
       1
       0
       0
       0
       0
       0
       0
       0
       0
       0
       0
       1
       0
       6
      10
      20
      30
      66
     105
     174
     253
     409
     542
     737
     943
    1140
    1198
    1272
    1389
    1394
    1327
    1337
    1414
    1382
    1332
    1347
    1394
    1312
    1366
    1362
    1265
    1273
    1304
    1309
    1347
    1307
    1328
    1279
    1269
    1273
    1291
    1210
    1238
    1227
    1192
    1194
    1129
    1058
    1011
    1047
    1089
     978
     948
     909
     884
     921
     926
     850
     866
     760
     757
     765
     674
     725
     698
     643
     644
     616
     623
     586
     535
     562
     567
     501
     483
     500
     444
     466
     471
     436
     430
     433
     443
     431
     405
     396
     375
     373
     398
     395
     362
     358
     336
     365
     387
     336
     358
     338
     352
     336
     359
     322
     334
     331
     302
     336
     356
     305
     332
     321
     328
     321
     351
     333
     326
     377
     373
     368
     390
     341
     406
     366
     385
     427
     442
     430
     458
     506
     496
     499
     548
     571
     622
     647
     717
     743
     834
     844
     932
    1047
    1090
    1187
    1376
    1473
    1641
    1690
    1851
    2016
    2243
    2380
    2511
    2801
    3039
    3225
    3532
    3611
    3970
    4093
    4366
    4554
    4833
    4998
    5270
    5602
    5711
    5902
    6064
    6167
    6534
    6536
    6617
    6720
    6763
    6629
    6800
    6919
    6669
    6646
    6502
    6512
    6304
    6156
    6048
    5935
    5715
    5415
    5212
    4978
    4718
    4451
    4147
    4024
    3669
    3545
    3128
    3113
    2826
    2613
    2483
    2181
    1992
    1854
    1678
    1486
    1366
    1248
    1165
     996
     894
     758
     772
     664
     562
     510
     461
     417
     307
     334
     296
     263
     225
     196
     171
     166
     125
     128
     102
     104
      93
     104
      74
      67
      62
      51
      68
      65
      45
      42
      42
      45
      43
      33
      47
      39
      37
      42
      27
      32
      42
      30
      20
      31
      37
      34
      27
      33
      26
      40
      32
      27
      34
      26
      32
      28
      38
      31
      28
      29
      28
      25
      23
      27
      29
      32
      26
      30
      34
      27
      25
      28
      21
      35
      30
      29
      22
      31
      31
      29
      37
      26
      26
      21
      21
      25
      30
      30
      45
      28
      28
      26
      27
      20
      27
      27
      24
      36
      23
      34
      23
      21
      27
      37
      25
      24
      23
      23
      25
      21
      29
      31
      27
      21
      24
      23
      31
      27
      24
      20
      31
      23
      27
      22
      13
      22
      35
      16
      25
      15
      18
      18
      24
      19
      20
      28
      17
      23
      18
      23
      18
      11
      17
      27
      19
      23
      18
      10
      11
      14
      13
      25
      24
      22
      17
      21
      26
      13
      17
      24
      18
      20
      14
      16
      14
      22
      22
      22
      16
      19
      21
      17
      23
      20
      13
      20
      20
      16
      15
      14
      20
      25
      14
      12
      19
      14
      13
      17
      20
      22
      14
      23
      14
      18
      11
      13
      17
      17
      13
      17
      10
       9
      19
      19
      14
      19
      19
      13
      22
      14
      13
      12
      14
       8
      17
      11
      15
      14
      19
      11
      19
      18
       9
      10
      13
      15
      17
      13
      17
      15
       7
      11
      10
      19
      15
       9
      13
       8
      17
      12
      17
      14
       8
      24
      16
      12
      11
      16
      13
      17
      13
      14
       7
      12
      10
      10
      15
      10
      13
       9
      18
      13
       8
      11
       8
       9
       6
       6
      16
       7
      11
       9
      11
       6
       6
       7
      16
      12
      10
       9
      11
      11
       9
       9
      10
      12
      14
       3
       8
      11
      11
       7
       6
       3
       8
       6
       7
       6
       8
       8
      10
      13
       7
      11
      16
       6
      14
       9
       6
      17
      18
       9
       8
      16
      15
       7
       9
      10
      11
      12
       5
      14
       6
      13
      12
       7
       7
       6
       8
      11
      10
      10
      10
      12
       9
      18
       9
       6
      17
      10
      10
      11
      10
       7
       9
       8
       6
      12
       6
      16
       6
       5
       7
       8
       7
      14
      11
       8
       3
      12
      12
       8
       7
       9
       9
       6
      10
       7
      12
       7
      12
       5
      10
      14
      11
      13
      11
      13
       7
       9
       6
       9
       7
       8
       8
       5
       6
       4
       9
      12
       6
       5
       7
       7
       9
       7
      10
       6
       5
       7
       6
       9
       7
       9
       8
       8
       9
       8
       6
       6
       7
       6
       5
       8
       9
      11
       4
      10
       9
       9
      11
       9
      10
       7
       9
      10
       8
       8
      13
       6
      10
      11
       4
       5
       7
       8
      12
       8
       5
      10
       8
       6
      11
      14
       5
      15
       5
       4
       6
       6
       9
      11
       7
       7
       5
       9
       4
       4
       3
       7
       4
       6
       1
       6
       6
       3
       3
       3
       3
       8
       2
       6
       6
       3
       2
       4
       2
       4
       3
       4
       3
       3
       3
       1
       2
       4
       3
       5
       3
       2
       1
       2
       2
       0
       4
       2
       1
       1
       2
       3
       3
       3
       1
       0
       4
       1
       7
       3
       2
       4
       1
       2
       5
       1
       3
       3
       0
       1
       0
       2
       2
       0
       1
       1
       1
       0
       3
       2
       2
       2
       2
       2
       1
       1
       3
       0
       0
       0
       1
       0
       3
       2
       1
       1
       3
       0
       0
       3
       0
       1
       1
       0
       0
       1
       1
       0
       5
       4
       0
       2
       0
       0
       1
       0
       3
       1
       1
       1
       1
       1
       1
       1
       1
       1
       1
       1
       1
       2
       2
       0
       2
       2
       1
       4
       0
       1
       2
       2
       0
       1
       1
       1
       1
       1
       0
       1
       3
       1
       1
       1
       2
       0
       1
       1
       2
       1
       0
       0
       0
       1
       0
       0
       2
       0
       0
       0
       1
       3
       0
       1
       0
       0
       3
       1
       0
       0
       0
       1
       2
       1
       0
       2
       0
       2
       1
       3
       1
       2
       0
       4
       0
       1
       1
       0
       1
       0
       1
       2
       0
       1
       0
       0
       0
       0
       1
       1
       1
       0
       4
       1
       2
       0
       2
       0
       1
       2
       0
       1
       0
       0
       0
       1
       0
       1
       1
       3
       2
       0
       2
       0
       1
       1
       1
       0
       1
       1
       0
       0
       0
       0
       1
       0
       0
       1
       0
       2
       0
       0
       0
       1
       0
       0
       0
       1
       1
       1
       1
       1
       0
       2
       0
       0
       0
       1
       0
       0
       0
       0
       1
       1
       2
       0
       0
       1
       0
       2
       0
       1
       2
       1
       0
       2
       0
       0
       1
       2
       1
       0
       1
       1
       0
       1
       0
       1
       2
       0
       0
       1
       1
       1
       0
       0
       3
       1
       0
       0
       0
       0
       1
       1
       0
       1
       1
       0
       2
       0
       1
       0
       0
       1
       0
       1
       1
       1
       3
       2
       0
       1
       2
       2
       0
       0
       1
       1
       1
       0
       1
       0
       2
       0
       1
       1
       3
       0
       0
       0
       1
       0
       0
       1
       0
       2
       0
       0
       1
       0
       1
       0
       1
       0
       0
       1
       0
       1
       1
       0
       2
       0
       1
       1
       3
       1
       1
       0
       1
       0
       0
       2
       0
       0
       0
       1
       0
       1
       1
       0
       1
       0
       0
       1
       0
       1
       0
       0
       0
       0
       0
       0
       0
       0
       1
       1
       0
       0
       0
       2
       0
       0
       1
       0
       0
       1
       1
       0
       0
       0
       0
       1
       0
       0
       1
       0
       1
       0
       0
       0
       0
       0
       0
       0
       0
       0
       2
       1
       0
       1
       1
       0
       0
       1
       2
       0
       0
       2
       2
       0
       4
       2
       1
       1
       0
       0
       1
       0
       0
       1
       0
       0
       1
       0
       0
       2
       0
       0
       0
       0
       0
       0
       0
       1
       0
       2
       1
       2
       0
       0
       0
       0
       3
       0
       1
       0
       0
       1
       0
       0
       0
       0
       2
       2
       0
       0
       0
       1
       0
       0
       0
       0
       1
       0
       0
       0
       0
       0
       0
       0
       0
       2
       0
       1
       0
       0
       0
       1
       0
       1
       0
       0
       1
       0
       0
       1
       0
       0
       0
       0
       0
       0
       0
       0
       1
       0
       0
       0
       0
       0
       1
       1
       0
       0
       1
       0
       0
       0
       0
       0
       0
       0
       0
       0
       1
       1
       1
       1
       0
       0
       1
       0
       1
       0
       1
       0
       1
       1
       1
       0
       0
       0
       0
       0
       0
       1
       1
       0
       0
       0
       0
       0
       0
       0
       1
       0
       0
       0
       0
       0
       1
       0
       0
       0
       1
       3
       0
       1
       0
       1
       0
       0
       0
       0
       0
       0
       0
       2
       0
       1
       1
       0
       1
       0
       0
       0
       0
       0
       0
       0
       2
       0
       0
       1
       0
       1
       1
       0
       0
       1
       0
       0
       0
       1
       0
       2
       0
       1
       0
       0
       0
       1
       0
       1
       2
       1
       2
       1
       0
       1
       1
       1
       3
       2
       0
       2
       1
       1
       0
       0
       0
       2
       1
       1
       1
       0
       1
       1
       1
       0
       2
       0
       3
       0
       0
       0
       1
       0
       2
       0
       0
       2
       1
       3
       0
       0
       0
       0
       1
       1
       1
       2
       1
       1
       0
       1
       1
       1
       0
       0
       1
       0
       3
       1
       0
       0
       1
       1
       0
       2
       0
       0
       0
       0
       1
       1
       0
       0
       0
       0
       0
       0
       1
       0
       0
       0
       0
       0
       0
       1
       0
       0
       1
       0
       1
       0
       1
       0
       0
       0
       0
       0
       0
       0
       0
       0
       0
       0
       0
       0
       0
       0
       0
       0
       0
       0
       0
       0
       0
       0
       0
       0
       1
       0
       1
       0
       0
       0
       0
       0
       0
       0
       0
       0
       0
       0
       0
       0
       0
       0
       0
       0
       0
       0
       0
       0
       0
       0
       0
       0
       0
       0
       0
       0
       0
       0
       0
       0
       0
       0
       0
       0
       0
       0
       0
       0
       0
       0
       0
       0
       0
       0
       0
       1
       1
       0
       0
       0
       0
       0
       0
       0
       0
       0
       0
       0
       0
       0
       0
       0
       0
       0
       0
       0
       0
       0
       0
       0
       0
       0
       0
       0
       0
       0
       0
       0
       0
       0
       0
       0
       0
       0
       0
       0
       0
       0
       0
       0
       0
       0
       0
       0
       0
       0
       0
       0
       0
       0
       0
       0
       0
       0
       0
       0
       0
       0
       0
       0
       0
       0
       0
       0
       0
       0
       0
       0
       0
       0
       0
       0
       0
       0
       0
       0
       0
       0
       0
       0
       0
       0
       0
       0
       0
       0
       0
       0
       0
       0
       0
       0
       0
       0
       0
       0
       0
       0
       0
       0
       0
       0
       0
       0
       0
       0
       0
       0
       0
       0
       0
       0
       0
       0
       0
       0
       0
       0
       0
       0
       0
       0
       0
       0
       0
       0
       0
       0
       0
       0
       0
       0
       0
       0
       0
       0
       0
       0
       0
       0
       0
       0
       0
       0
       0
       0
       0
       0
       0
       0
       0
       0
       0
       0
       0
       0
       0
       0
       0
       0
       0
       0
       0
       0
       0
       0
       0
       0
       0
       0
       0
       0
       0
       0
       0
       0
       0
       0
       0
       0
       0
       1
       0
       0
       0
       0
       0
       0
       0
       0
       0
       0
       0
       1
       0
       0
       0
       0
       0
       0
       0
       0
       0
       0
       0
       1
       0
       0
       0
       0
       0
       0
       1
       0
       0
       0
       0
       0
       0
       0
       0
       0
       0
       0
       0
       0
       0
       0
       0
       0
       0
       0
       0
       0
       0
       0
       0
       0
       0
       0
       0
       0
       0
       0
       0
       0
       0
       0
       0
       0
       0
       0
       0
       0
       0
       0
       0
       0
       0
       0
       0
       0
       0
       0
       1
       0
       0
       0
       0
       0
       0
       0
       0
       0
       0
       0
       0
       0
       0
       0
       0
       0
       0
       0
       0
       0
       0
       0
       0
       0
       0
       0
       0
       0
       0
       0
       0
       0
       0
       0
       0
       0
       0
       0
       0
       0
       0
       0
       0
       0
       0
       0
       0
       0
       0
       0
       0
       0
       0
       0
       0
       0
       0
       0
       0
       0
       0
       0
       0
       0
       0
       0
       0
       0
       0
       0
       0
       0
       0
       0
       0
       0
       0
       0
       0
       0
       0
       0
       0
       0
       0
       0
       0
       0
       0
$ROI:
1
10 10
$PRESETS:
Live Time
600000
0
$ENER_FIT:
0.000000 0.000000
$MCA_CAL:
3
0.000000E+000 0.000000E+000 0.000000E+000 
$SHAPE_CAL:
3
0.000000E+000 0.000000E+000 0.000000E+000
