$SPEC_ID:
Beryllilum 1 Calibration
$SPEC_REM:
DET# 1
DETDESC# SPL3-VDG-PC Easy-MCA-8k SN 15013759
AP# Maestro Version 7.01
$DATE_MEA:
10/07/2021 15:04:57
$MEAS_TIM:
226 226
$DATA:
0 2047
       0
       0
   13005
   25765
    7809
    1407
     366
      15
       2
       0
       0
       0
       0
       0
       0
       0
       0
       0
       0
       0
       0
       0
       0
       0
       0
       0
       0
       0
       0
       0
       0
       0
       0
       0
       0
       0
       0
       0
       0
       0
       0
       0
       0
       0
       0
       0
       0
       0
       0
       0
       0
       0
       0
       0
       0
       0
       0
       0
       0
       0
       0
       0
       0
       0
       0
       0
       0
       0
       0
       0
       0
       0
       0
       0
       0
       0
       0
       0
       0
       0
       0
       0
       0
       0
       0
       0
       0
       0
       0
       0
       0
       0
       0
       0
       0
       0
       0
       0
       0
       0
       0
       0
       0
       0
       0
       0
       0
       0
       0
       0
       0
       0
       0
       0
       0
       0
       0
       0
       0
       0
       0
       0
       0
       0
       0
       0
       0
       0
       0
       0
       0
       0
       0
       0
       0
       0
       0
       0
       0
       0
       0
       0
       0
       0
       0
       0
       0
       0
       0
       0
       0
       0
       0
       0
       0
       0
       0
       0
       0
       0
       0
       0
       0
       0
       0
       0
       0
       0
       0
       0
       0
       0
       0
       0
       0
       0
       0
       0
       0
       0
       0
       0
       0
       0
       0
       0
       0
       0
       0
       0
       0
       0
       0
       0
       0
       0
       0
       0
       0
       0
       0
       0
       0
       0
       0
       1
       0
       0
       0
       0
       0
       0
       0
       0
       0
       0
       0
       0
       0
       0
       0
       0
       0
       0
       0
       0
       0
       1
       1
       2
       6
       7
      10
      16
      22
      37
      37
      52
      53
      48
      68
      52
      57
      49
      47
      51
      47
      68
      58
      55
      45
      45
      57
      53
      67
      63
      56
      55
      52
      58
      49
      49
      47
      57
      65
      51
      60
      50
      71
      41
      53
      58
      51
      46
      54
      61
      64
      47
      54
      43
      55
      43
      55
      49
      42
      48
      43
      62
      42
      46
      46
      51
      42
      37
      47
      50
      50
      36
      56
      30
      48
      50
      60
      49
      47
      48
      55
      59
      50
      53
      41
      28
      43
      47
      52
      45
      46
      53
      45
      50
      37
      52
      51
      33
      40
      37
      49
      61
      48
      53
      47
      49
      46
      48
      40
      49
      44
      44
      58
      49
      37
      42
      43
      36
      45
      46
      49
      42
      47
      42
      43
      50
      44
      47
      51
      39
      55
      49
      53
      41
      58
      49
      49
      43
      47
      47
      52
      50
      47
      51
      46
      49
      53
      40
      46
      35
      39
      46
      49
      42
      42
      44
      35
      42
      38
      54
      36
      44
      34
      45
      49
      38
      50
      32
      41
      31
      50
      41
      43
      38
      44
      44
      47
      29
      50
      37
      39
      44
      39
      38
      47
      57
      39
      40
      40
      37
      38
      44
      41
      39
      42
      39
      44
      36
      46
      36
      30
      36
      35
      34
      44
      43
      43
      44
      50
      47
      33
      52
      48
      49
      48
      44
      38
      48
      49
      48
      37
      46
      37
      47
      31
      39
      42
      35
      60
      44
      45
      39
      48
      38
      43
      48
      54
      41
      48
      40
      34
      52
      49
      39
      51
      53
      39
      40
      33
      34
      47
      49
      49
      49
      36
      38
      38
      42
      41
      47
      43
      38
      37
      34
      50
      43
      60
      36
      39
      53
      38
      41
      48
      49
      48
      41
      39
      51
      36
      38
      48
      38
      50
      41
      40
      61
      53
      52
      40
      53
      48
      48
      64
      49
      43
      42
      42
      41
      54
      48
      57
      51
      41
      37
      43
      53
      43
      44
      44
      35
      44
      36
      52
      41
      40
      48
      31
      44
      41
      41
      39
      41
      38
      44
      48
      45
      43
      31
      37
      43
      38
      25
      41
      39
      42
      30
      28
      42
      39
      25
      34
      37
      32
      26
      33
      36
      41
      40
      36
      43
      40
      33
      44
      41
      46
      42
      36
      36
      35
      47
      34
      21
      40
      25
      22
      37
      33
      39
      32
      32
      25
      20
      30
      44
      38
      34
      32
      37
      37
      28
      32
      21
      33
      36
      28
      26
      39
      34
      37
      23
      29
      26
      26
      25
      39
      34
      28
      21
      33
      36
      34
      32
      32
      33
      28
      29
      27
      30
      30
      44
      26
      37
      34
      41
      34
      40
      39
      41
      35
      35
      32
      41
      44
      37
      57
      49
      37
      52
      48
      62
      49
      56
      45
      68
      51
      58
      44
      60
      69
      60
      64
      67
      85
      84
      78
      88
      83
      91
      84
      83
      72
      87
      78
     115
      88
      91
     102
      90
     103
      90
      83
     107
      86
      88
      96
      68
      78
      81
      89
      96
      98
     101
      86
      80
      92
      74
      80
      79
      82
      73
      76
      61
      63
      74
      65
      55
      65
      60
      61
      52
      43
      43
      43
      42
      48
      39
      38
      41
      37
      43
      34
      41
      34
      34
      35
      37
      39
      39
      38
      27
      35
      31
      35
      27
      18
      30
      48
      40
      34
      45
      35
      40
      41
      34
      50
      53
      41
      60
      59
      55
      56
      49
      55
      49
      49
      68
      59
      66
      55
      67
      64
      65
      64
      56
      67
      83
      80
      73
      52
      67
      72
      77
      78
      71
      62
      56
      70
      64
      69
      63
      78
      75
      64
      59
      59
      69
      59
      49
      51
      59
      58
      45
      56
      50
      64
      63
      52
      46
      45
      45
      41
      38
      33
      34
      37
      39
      38
      33
      36
      22
      31
      18
      33
      31
      29
      30
      36
      18
      12
      21
      22
      23
      18
      19
      16
      17
      16
      17
      21
      20
      13
      19
      18
      16
      14
      13
      20
      12
      20
      12
      16
       8
      10
       8
      10
      10
      15
      13
      13
       9
      17
      12
      14
      11
      20
      17
      15
      17
      17
      10
      15
      15
      14
      13
       8
       7
       9
      12
      13
       8
      14
       7
      10
       9
       8
      14
       7
       7
      11
       8
       2
       4
       7
       8
       8
       4
       9
       5
       5
       8
       6
       6
      10
       7
       3
       6
       7
       2
       7
       7
       5
       8
       6
       3
       5
       7
       5
       8
       8
       5
       8
       3
       6
       3
       7
       2
       7
       6
       6
       5
       4
       2
       6
       7
       1
       7
       1
       1
       4
       4
       7
       7
       4
       5
       8
       1
       4
       4
       3
       2
       2
       3
       4
       3
       3
       1
       6
       7
       3
       8
       5
       7
       8
       2
       3
       6
       4
       6
       4
       1
       4
       2
       2
       3
       7
       2
       5
       4
       2
       3
       3
       3
       2
       2
       6
       1
       5
       4
       4
       6
       1
       1
       4
       5
       3
       5
       2
       0
       2
       3
       1
       5
       9
       3
       3
       2
       5
       2
       1
       1
       6
       3
       4
       3
       2
       1
       3
       1
       3
       3
       3
       4
       5
       2
       1
       2
       3
       1
       3
       1
       0
       1
       3
       3
       3
       0
       1
       4
       4
       5
       2
       0
       2
       3
       1
       3
       3
       5
       4
       1
       2
       2
       3
       1
       3
       1
       1
       0
       1
       2
       4
       1
       3
       2
       4
       4
       2
       2
       3
       4
       4
       5
       2
       2
       3
       2
       3
       2
       3
       6
       2
       0
       3
       2
       2
       2
       1
       2
       3
       2
       1
       3
       2
       1
       2
       5
       1
       3
       3
       3
       4
       2
       2
       3
       3
       2
       2
       4
       3
       0
       4
       4
       1
       6
       2
       0
       2
       2
       2
       0
       2
       2
       3
       2
       5
       1
       1
       0
       4
       0
       2
       1
       1
       2
       0
       1
       0
       3
       4
       2
       1
       1
       3
       2
       3
       3
       3
       1
       1
       1
       4
       1
       0
       3
       3
       3
       1
       3
       0
       2
       5
       4
       3
       0
       0
       0
       3
       0
       3
       2
       0
       1
       1
       2
       3
       2
       4
       1
       2
       1
       2
       4
       4
       1
       3
       2
       1
       2
       4
       1
       0
       4
       2
       3
       3
       2
       1
       3
       4
       8
       1
       1
       1
       2
       1
       1
       2
       1
       1
       2
       4
       4
       4
       1
       2
       3
       0
       1
       3
       5
       2
       1
       2
       2
       2
       2
       2
       1
       1
       4
       3
       0
       1
       3
       2
       2
       4
       3
       2
       0
       2
       1
       2
       4
       4
       3
       3
       4
       3
       3
       3
       3
       2
       3
       5
       5
       1
       6
       4
       1
       5
       6
       2
       2
       2
       3
       1
       3
       0
       4
       3
       3
       1
       0
       2
       2
       6
       2
       3
       3
       5
       2
       2
       1
       1
       2
       0
       1
       2
       1
       2
       0
       2
       2
       3
       2
       4
       3
       3
       4
       0
       3
       3
       2
       2
       0
       0
       2
       1
       1
       1
       2
       3
       0
       2
       0
       3
       2
       1
       3
       1
       2
       1
       0
       2
       3
       1
       1
       0
       1
       4
       3
       1
       0
       2
       0
       0
       2
       3
       0
       2
       2
       4
       3
       2
       2
       0
       2
       2
       2
       2
       2
       1
       4
       0
       0
       1
       1
       1
       1
       3
       3
       3
       1
       2
       1
       1
       2
       2
       0
       1
       1
       1
       2
       1
       1
       0
       0
       2
       2
       1
       3
       2
       1
       5
       3
       2
       2
       2
       2
       0
       1
       2
       2
       1
       1
       3
       1
       1
       0
       0
       0
       1
       0
       3
       2
       0
       1
       2
       0
       1
       0
       1
       0
       1
       1
       1
       0
       1
       2
       2
       1
       0
       2
       0
       2
       1
       2
       1
       3
       0
       3
       2
       2
       3
       1
       1
       2
       1
       0
       1
       1
       1
       0
       4
       4
       2
       3
       3
       0
       5
       3
       4
       4
       0
       4
       0
       1
       3
       1
       2
       5
       2
       3
       1
       1
       2
       3
       1
       9
       1
       5
       0
       1
       2
       0
       1
       5
       1
       3
       1
       1
       1
       2
       4
       2
       2
       4
       2
       3
       3
       2
       2
       4
       2
       3
       1
       0
       3
       7
       5
       2
       1
       5
       1
       4
       4
       2
       6
       2
       2
       2
       0
       2
       0
       0
       1
       0
       1
       3
       0
       3
       3
       0
       3
       3
       1
       0
       2
       1
       1
       2
       2
       3
       0
       0
       1
       0
       0
       1
       0
       0
       2
       2
       2
       1
       3
       2
       3
       0
       1
       3
       1
       0
       1
       1
       2
       1
       0
       1
       0
       1
       2
       0
       2
       1
       1
       0
       0
       0
       0
       2
       1
       2
       1
       0
       1
       2
       0
       0
       1
       1
       0
       1
       0
       0
       0
       1
       0
       0
       0
       1
       0
       0
       0
       0
       1
       1
       1
       0
       0
       0
       1
       0
       0
       0
       0
       0
       0
       0
       0
       1
       1
       1
       0
       0
       1
       1
       0
       0
       1
       0
       0
       1
       0
       0
       0
       0
       0
       0
       0
       0
       0
       0
       0
       0
       0
       0
       0
       0
       0
       0
       0
       0
       0
       0
       0
       0
       0
       0
       0
       0
       1
       0
       0
       0
       1
       0
       0
       0
       0
       0
       0
       0
       0
       0
       0
       0
       0
       0
       0
       0
       0
       0
       0
       0
       0
       0
       0
       0
       1
       1
       0
       0
       0
       0
       0
       0
       0
       0
       1
       0
       0
       0
       0
       0
       0
       0
       0
       0
       0
       0
       0
       0
       0
       0
       0
       0
       0
       0
       0
       0
       0
       0
       0
       0
       0
       0
       0
       1
       0
       0
       0
       0
       0
       0
       0
       0
       0
       0
       0
       0
       0
       0
       0
       0
       0
       0
       0
       0
       0
       0
       0
       0
       0
       0
       1
       0
       0
       0
       0
       0
       0
       0
       0
       0
       0
       1
       0
       0
       0
       0
       0
       0
       0
       0
       0
       0
       0
       0
       0
       0
       0
       0
       0
       0
       0
       0
       0
       0
       0
       0
       0
       0
       0
       0
       0
       0
       0
       0
       0
       0
       0
       0
       0
       0
       0
       0
       0
       0
       0
       0
       0
       0
       0
       0
       0
       0
       0
       0
       0
       0
       0
       0
       0
       0
       0
       0
       0
       0
       1
       0
       0
       0
       0
       0
       0
       0
       0
       0
       0
       0
       0
       0
       0
       0
       0
       0
       0
       0
       0
       0
       0
       0
       0
       0
       0
       0
       0
       0
       0
       0
       0
       0
       0
       0
       0
       0
       0
       0
       0
       0
       0
       0
       0
       0
       0
       0
       0
       0
       0
       0
       0
       0
       0
       0
       0
       0
       0
       0
       0
       0
       0
       0
       0
       0
       0
       0
       0
       0
       0
       0
       0
       0
       0
       0
       0
       0
       0
       0
       0
       0
       0
       0
       0
       0
       0
       0
       0
       0
       0
       0
       0
       0
       0
       0
       0
       0
       0
       0
       0
       0
       0
       0
       0
       0
       0
       0
       0
       0
       0
       0
       0
       0
       0
       0
       0
       0
       0
       0
       0
       0
       0
       0
       0
       0
       0
       0
       0
       0
       0
       0
       0
       0
       0
       0
       0
       0
       0
       0
       0
       0
       0
       0
       0
       0
       0
       0
       0
       0
       0
       0
       0
       0
       0
       0
       0
       0
       0
       0
       0
       0
       0
       0
       0
       0
       0
       0
       0
       0
       0
       0
       0
       0
       0
       0
       0
       0
       0
       0
       0
       0
       0
       0
       0
       0
       0
       0
       0
       0
       0
       0
       0
       0
       0
       0
       0
       0
       0
       0
       0
       0
       0
       0
       0
       0
       0
       0
       0
       0
       0
       0
       0
       0
       0
       0
       0
       0
       0
       0
       0
       0
       0
       0
       0
       0
       0
       0
       0
       0
       0
       0
$ROI:
1
10 10
$PRESETS:
Live Time
600000
0
$ENER_FIT:
0.000000 0.000000
$MCA_CAL:
3
0.000000E+000 0.000000E+000 0.000000E+000 
$SHAPE_CAL:
3
0.000000E+000 0.000000E+000 0.000000E+000
