$SPEC_ID:
Beryllilum 1 Calibration
$SPEC_REM:
DET# 1
DETDESC# SPL3-VDG-PC Easy-MCA-8k SN 15013759
AP# Maestro Version 7.01
$DATE_MEA:
10/12/2021 14:45:24
$MEAS_TIM:
614 614
$DATA:
0 2047
       0
       0
   23416
   40163
   23272
   14255
   13597
     859
      95
       0
       0
       0
       0
       0
       0
       0
       0
       0
       0
       0
       0
       0
       0
       0
       0
       0
       0
       0
       0
       1
       0
       0
       0
       0
       0
       0
       0
       0
       0
       0
       0
       0
       0
       0
       0
       0
       0
       0
       0
       0
       0
       0
       1
       0
       0
       0
       0
       0
       0
       0
       0
       0
       0
       0
       0
       0
       0
       0
       0
       0
       0
       0
       0
       0
       0
       0
       0
       0
       0
       0
       0
       0
       0
       0
       0
       0
       0
       0
       0
       0
       0
       0
       0
       0
       0
       0
       0
       0
       0
       0
       0
       0
       0
       0
       0
       0
       0
       0
       0
       0
       0
       0
       0
       0
       0
       0
       0
       0
       0
       0
       0
       0
       0
       0
       0
       0
       0
       0
       0
       0
       0
       0
       0
       0
       0
       0
       0
       0
       0
       0
       0
       0
       0
       0
       0
       0
       0
       0
       0
       0
       0
       0
       0
       0
       0
       0
       0
       0
       0
       0
       0
       0
       0
       0
       0
       0
       0
       0
       0
       0
       0
       0
       0
       0
       0
       0
       0
       0
       0
       0
       0
       0
       0
       0
       0
       0
       0
       0
       0
       0
       0
       0
       0
       0
       0
       0
       0
       0
       0
       0
       0
       0
       0
       0
       0
       0
       0
       0
       0
       0
       0
       0
       0
       0
       0
       0
       0
       0
       0
       0
       0
       0
       0
       0
       0
       0
       0
       1
       2
       1
       5
      15
      26
      25
      47
      62
      69
      72
      71
      73
      81
      60
      78
      58
      74
      74
      72
      82
      78
      65
      76
      60
      68
      67
      70
      54
      61
      64
      67
      73
      57
      64
      77
      63
      58
      71
      45
      64
      60
      67
      64
      64
      65
      46
      56
      84
      65
      55
      63
      51
      73
      55
      60
      59
      66
      55
      46
      57
      54
      52
      49
      45
      64
      54
      68
      57
      61
      55
      72
      60
      56
      44
      55
      52
      45
      45
      63
      56
      51
      59
      62
      59
      46
      62
      56
      54
      67
      57
      54
      64
      57
      43
      59
      43
      44
      63
      59
      57
      42
      48
      54
      32
      49
      49
      52
      42
      45
      45
      51
      63
      54
      59
      61
      48
      57
      62
      47
      61
      54
      45
      51
      48
      45
      52
      32
      45
      47
      46
      38
      40
      51
      44
      51
      47
      42
      41
      43
      49
      49
      34
      39
      39
      35
      42
      41
      44
      42
      48
      33
      38
      36
      34
      38
      28
      29
      33
      32
      35
      25
      32
      36
      24
      31
      39
      28
      25
      35
      30
      30
      25
      25
      35
      33
      36
      34
      37
      32
      23
      30
      30
      26
      26
      24
      34
      30
      25
      27
      29
      34
      36
      32
      15
      24
      26
      33
      21
      30
      25
      35
      33
      39
      29
      32
      30
      25
      31
      35
      32
      28
      22
      27
      23
      18
      29
      32
      26
      47
      34
      25
      32
      21
      32
      22
      27
      26
      20
      23
      30
      25
      33
      22
      31
      19
      23
      23
      33
      29
      30
      23
      35
      29
      23
      20
      28
      30
      30
      22
      33
      29
      22
      23
      28
      29
      32
      20
      26
      18
      18
      31
      17
      22
      20
      17
      22
      20
      25
      35
      25
      20
      24
      21
      24
      29
      22
      23
      20
      28
      24
      31
      19
      24
      31
      12
      34
      20
      21
      20
      30
      17
      33
      16
      17
      18
      24
      29
      36
      26
      29
      23
      35
      16
      18
      26
      32
      28
      25
      18
      29
      26
      19
      23
      26
      21
      28
      29
      19
      25
      25
      20
      20
      24
      18
      26
      20
      18
      22
      27
      30
      15
      26
      27
      27
      26
      31
      22
      29
      22
      22
      29
      22
      27
      23
      21
      28
      35
      25
      21
      17
      23
      18
      19
      18
      20
      16
      27
      16
      20
      29
      25
      14
      14
      16
      18
      18
      12
      14
      12
      19
      13
      15
      14
      22
      17
      23
      14
      20
      23
      16
      15
      17
      20
      15
      23
      14
      19
      12
      22
      12
      14
      16
      12
      17
      17
      13
      15
      21
      15
      12
      22
      19
      27
      17
      12
      15
      20
      20
      21
      16
      18
      20
      16
      19
      19
      17
      13
      17
      18
      22
      18
      17
      17
      11
      20
      12
      21
      24
      25
      12
      21
      23
      22
      17
      14
      21
      17
      21
      15
      17
      16
      12
      18
      13
      23
      17
      16
      17
      16
      15
      13
      14
      11
      18
      21
      13
      21
      17
      16
      11
      11
      14
       6
      17
      13
      18
      20
      11
      16
      11
      11
       9
      16
       7
      15
      14
      15
      19
      14
      16
      19
      14
      14
       9
      13
      10
      10
      15
       9
       8
      14
       9
      13
      13
      13
      15
       7
      10
      12
       2
      12
       7
      12
      14
       7
       9
       8
      14
      13
       7
      11
       5
      10
      10
       9
       9
      11
      10
       8
      15
      13
       6
       9
       7
      13
      13
      12
      12
       9
      12
       3
      12
       5
      10
       8
      11
       5
       8
       9
       8
      12
       8
       9
       6
      14
       7
      11
       9
      10
       9
       5
       7
       9
       8
      13
      12
      15
       3
      10
       6
       6
      11
      10
      11
      13
       8
      10
       5
       9
      11
      13
       6
       8
       9
      15
      10
      13
      11
       8
      14
      13
      15
      17
      12
      14
      22
      19
      10
      23
      18
      20
      17
      20
      12
      13
      12
      18
      19
      15
      18
      23
      18
      16
      19
      21
      21
      26
      20
      31
      16
      25
      28
      27
      13
      28
      28
      24
      26
      24
      22
      26
      24
      21
      21
      27
      20
      27
      25
      28
      28
      19
      26
      21
      27
      27
      29
      26
      19
      20
      20
      23
      16
      24
      16
      20
      17
      24
      25
      17
      20
      14
      14
      18
      26
      12
      14
      16
      12
      10
      18
      18
      11
      19
      11
      15
      13
      16
       9
       8
       7
      10
      11
       9
      12
       8
       9
      15
       9
       7
       8
       5
       4
       9
       6
      10
       9
       8
       5
       3
       3
       6
       7
       3
       5
       8
       9
       6
       8
       5
       6
       7
       5
       8
       1
       3
       2
       5
       6
       4
       4
       3
       3
       6
       4
       2
       6
       3
       2
       4
       4
       0
       2
       7
       2
       3
       2
       5
       2
       2
       4
       2
       1
       3
       3
       2
       6
       7
       6
       3
       6
       4
       2
       0
       6
       2
       3
       2
       6
       3
       2
       2
       2
       2
       6
       1
       4
       3
       2
       2
       3
       2
       2
       3
       5
       3
       2
       4
       2
       3
       3
       3
       5
       2
       2
       1
       7
       6
       3
       6
       3
       2
       4
       3
       4
       4
       2
       1
       2
       3
       3
       1
       1
       4
       0
       6
       1
       5
       3
       3
       2
       5
       3
       7
       1
       6
       3
       1
       3
       0
       0
       1
       2
       5
       3
       2
       4
       3
       4
       1
       3
       4
       5
       2
       6
       2
       4
       1
       6
       1
       2
       1
       1
       3
       0
       1
       3
       2
       6
       2
       1
       1
       3
       2
       1
       0
       4
       4
       3
       2
       0
       1
       2
       3
       2
       2
       2
       1
       4
       2
       2
       2
       5
       1
       1
       2
       2
       0
       0
       0
       5
       3
       2
       2
       4
       1
       3
       4
       1
       1
       5
       2
       1
       5
       2
       1
       4
       1
       1
       3
       2
       2
       1
       0
       2
       2
       2
       3
       2
       2
       2
       0
       3
       1
       5
       5
       2
       0
       1
       3
       2
       1
       2
       2
       2
       3
       3
       2
       1
       2
       1
       1
       0
       1
       8
       2
       1
       1
       2
       0
       0
       6
       0
       1
       1
       2
       0
       1
       2
       1
       0
       2
       1
       2
       3
       3
       4
       0
       3
       0
       1
       0
       1
       2
       1
       2
       5
       2
       2
       0
       0
       4
       3
       3
       4
       1
       5
       1
       3
       4
       0
       3
       5
       3
       5
       1
       2
       3
       1
       4
       5
       4
       4
       4
       0
       4
       2
       4
       4
       1
       2
       2
       2
       0
       1
       2
       2
       3
       2
       1
       0
       1
       2
       4
       3
       0
       2
       1
       1
       4
       3
       2
       0
       0
       0
       3
       2
       1
       4
       2
       1
       0
       5
       3
       1
       2
       1
       2
       2
       4
       5
       2
       0
       6
       0
       4
       3
       3
       4
       2
       1
       2
       0
       3
       3
       2
       3
       2
       1
       5
       2
       2
       3
       1
       3
       0
       1
       2
       3
       0
       1
       3
       3
       1
       3
       4
       3
       0
       0
       0
       2
       1
       1
       2
       6
       1
       1
       1
       1
       4
       0
       1
       3
       4
       1
       2
       1
       0
       0
       0
       4
       3
       1
       0
       1
       1
       1
       1
       1
       1
       0
       4
       0
       1
       1
       4
       2
       2
       0
       1
       0
       1
       4
       1
       1
       1
       1
       0
       0
       0
       1
       1
       2
       3
       0
       1
       1
       2
       0
       2
       1
       3
       3
       0
       1
       3
       1
       1
       0
       0
       2
       1
       0
       2
       0
       3
       1
       2
       3
       2
       1
       4
       0
       1
       0
       2
       2
       0
       2
       1
       0
       0
       1
       0
       3
       1
       0
       2
       1
       1
       0
       1
       1
       2
       4
       0
       1
       0
       4
       1
       1
       1
       0
       3
       0
       1
       0
       2
       0
       2
       0
       3
       1
       2
       1
       2
       0
       0
       1
       2
       0
       0
       0
       0
       1
       2
       1
       1
       1
       0
       1
       2
       0
       0
       1
       3
       0
       3
       0
       1
       1
       2
       0
       1
       2
       0
       0
       1
       1
       0
       0
       1
       1
       4
       5
       1
       0
       0
       2
       2
       1
       2
       3
       0
       1
       5
       3
       2
       2
       4
       2
       0
       1
       2
       1
       2
       4
       2
       2
       2
       2
       5
       1
       5
       7
       2
       3
       1
       4
       4
       4
       3
       1
       4
       3
       4
       6
       1
       4
       4
       2
       3
       3
       1
       2
       6
       0
       1
       2
       4
       3
       2
       5
       2
       3
       2
       4
       3
       4
       1
       3
       1
       3
       1
       0
       4
       2
       0
       2
       1
       3
       3
       2
       1
       0
       2
       5
       2
       1
       0
       0
       2
       2
       0
       1
       1
       3
       2
       2
       4
       0
       1
       1
       0
       1
       1
       0
       3
       1
       2
       3
       4
       0
       2
       2
       0
       0
       1
       3
       1
       0
       1
       0
       2
       1
       0
       1
       2
       1
       0
       2
       1
       1
       1
       1
       0
       0
       2
       1
       1
       1
       0
       0
       1
       1
       0
       1
       0
       1
       0
       0
       0
       1
       0
       0
       1
       0
       1
       0
       0
       0
       1
       0
       0
       0
       0
       1
       1
       0
       0
       0
       1
       0
       0
       0
       0
       1
       1
       1
       0
       1
       1
       1
       0
       1
       0
       0
       0
       0
       1
       0
       0
       1
       0
       0
       1
       0
       0
       1
       0
       1
       0
       0
       0
       0
       0
       0
       0
       0
       0
       0
       0
       0
       0
       0
       0
       0
       1
       1
       0
       0
       0
       0
       0
       0
       0
       0
       0
       0
       0
       0
       0
       0
       0
       0
       0
       0
       1
       0
       0
       0
       1
       0
       0
       0
       0
       0
       0
       1
       0
       0
       1
       0
       1
       0
       0
       0
       1
       0
       0
       0
       0
       0
       0
       0
       0
       0
       0
       0
       0
       0
       0
       0
       0
       0
       0
       0
       0
       0
       0
       0
       0
       0
       0
       0
       0
       0
       2
       0
       0
       0
       0
       0
       0
       0
       0
       0
       0
       0
       0
       0
       0
       0
       0
       0
       0
       0
       0
       0
       0
       0
       0
       0
       0
       0
       0
       0
       0
       0
       0
       0
       0
       0
       0
       0
       1
       0
       0
       0
       0
       0
       0
       0
       0
       0
       0
       0
       0
       0
       0
       0
       0
       0
       0
       0
       0
       0
       0
       0
       0
       0
       0
       1
       0
       0
       1
       0
       0
       0
       1
       0
       0
       0
       0
       0
       0
       0
       0
       1
       0
       0
       0
       0
       0
       0
       0
       0
       0
       0
       0
       0
       0
       0
       0
       0
       1
       0
       0
       0
       0
       0
       0
       0
       0
       0
       0
       0
       0
       0
       0
       0
       1
       0
       0
       0
       0
       0
       0
       0
       0
       0
       1
       0
       0
       1
       0
       0
       0
       0
       0
       0
       0
       0
       0
       0
       0
       0
       0
       0
       0
       1
       0
       0
       0
       0
       1
       0
       0
       0
       0
       0
       0
       0
       0
       0
       0
       0
       1
       0
       0
       0
       0
       0
       0
       0
       0
       0
       0
       0
       0
       0
       0
       0
       0
       0
       1
       0
       0
       0
       0
       0
       0
       0
       0
       0
       0
       0
       0
       0
       0
       1
       0
       0
       0
       0
       0
       0
       0
       0
       0
       0
       0
       0
       0
       0
       0
       0
       0
       0
       0
       0
       0
       0
       0
       0
       0
       0
       1
       0
       0
       0
       0
       0
       0
       0
       0
       0
       0
       0
       0
       0
       0
       0
       0
       0
       0
       0
       0
       0
       0
       0
       0
       0
       0
       0
       0
       0
       0
       0
       0
       0
       0
       0
       0
       0
       0
       0
       0
       0
       0
       0
       0
       0
       0
       0
       0
       0
       0
       0
       0
       0
       0
       0
       0
       0
       0
       0
       0
       0
       0
       0
       0
       0
       0
       0
       0
       0
       0
       0
       0
       0
       0
       0
       0
       0
       0
       0
       0
       0
       0
       0
$ROI:
2
10 10
279 331
$PRESETS:
None
0
0
$ENER_FIT:
0.000000 0.000000
$MCA_CAL:
3
0.000000E+000 0.000000E+000 0.000000E+000 
$SHAPE_CAL:
3
0.000000E+000 0.000000E+000 0.000000E+000
